240 320 480 720 1080 
240 320 480 720 1080 
240 320 480 720 1080 
240 320 480 720 1080 
240 320 480 720 1080 
240 320 480 720 1080 
240 320 480 720 1080 
240 320 480 720 1080 
240 320 480 720 1080 
240 320 480 720 1080 
240 320 480 720 1080 
240 320 480 720 1080 
240 320 480 720 1080 
240 320 480 720 1080 
240 320 480 720 1080 
240 320 480 720 1080 
240 320 480 720 1080 
240 320 480 720 1080 
240 320 480 720 1080 
240 320 480 720 1080 
240 320 480 720 1080 
240 320 480 720 1080 
240 320 480 720 1080 
240 320 480 720 1080 
240 320 480 720 1080 
240 320 480 720 1080 
240 320 480 720 1080 
240 320 480 720 1080 
240 320 480 720 1080 
240 320 480 720 1080 
240 320 480 720 1080 
240 320 480 720 1080 
240 320 480 720 1080 
240 320 480 720 1080 
240 320 480 720 1080 
240 320 480 720 1080 
240 320 480 720 1080 
240 320 480 720 1080 
240 320 480 720 1080 
240 320 480 720 1080 
240 320 480 720 1080 
240 320 480 720 1080 
240 320 480 720 1080 
240 320 480 720 1080 
240 320 480 720 1080 
240 320 480 720 1080 
240 320 480 720 1080 
240 320 480 720 1080 
240 320 480 720 1080 
240 320 480 720 1080 
240 320 480 720 1080 
240 320 480 720 1080 
240 320 480 720 1080 
240 320 480 720 1080 
240 320 480 720 1080 
240 320 480 720 1080 
240 320 480 720 1080 
240 320 480 720 1080 
240 320 480 720 1080 
240 320 480 720 1080 
