192.71244107764107
288.6836716633681
135.84116257973028
138.2459207425316
144.12604162983874
300.22349847785307
322.7431562669986
405.86361051839594
155.73332200534125
42.1229965370066
74.64988212254494
197.85753989375587
264.1664875380576
328.11409768462113
151.6938270036462
277.7546002898589
224.8711080129524
152.7776610231442
161.20873721966356
197.8082831724687
158.2987102289171
81.66010090994813
401.5986431448996
386.88390491294274
134.27054191375126
248.0251511689596
178.29525646711448
39.94908465752599
277.21339247571046
196.36569175999017
475.2574603605869
252.09623322738796
300.18276259705
161.40786043063082
103.76920765896675
131.33305526444184
277.5026688769268
0
213.57191454942046
188.3486113550898
262.9460149679186
21.7882176173525
27.401024869564537
63.293498377096626
178.72536312426033
292.4376365067323
227.12802483800266
92.11883937368847
225.52025861867568
370.3868470842806
269.1376592607492
317.9903993143486
127.87099872836163
110.56978920027208
158.5612448371988
89.13020923976724
130.02578812530015
196.1097672566445
0
295.58734757196555
55.375958424196256
163.58575522875674
224.49275726057706
176.76519614957988
176.47642896115843
233.1705714332911
281.9757444712169
101.2103486329761
18.944933676635145
333.522280966728
319.26485458907644
340.4116757495566
306.1484561340553
124.07454075676566
156.240732256289
151.32996284195355
222.25553413782683
158.7731960979957
53.61032025383915
119.32039728215945
202.35494446352791
248.42194463722458
185.39687987343925
168.08122113328093
150.62456475804896
169.00982275469727
214.7170547295805
37.168911481532234
0
124.05312627998866
209.44984787904303
0
144.92924441060615
122.11683105569577
127.97634129466502
245.08478434235738
82.88164125446691
0
6.85336574149872
223.76432107198383
56.080391003645275
225.81383469692196
148.20544500210997
364.0069073533565
424.5462136239993
3.5577506443507048
219.64400813928478
242.91470293515607
163.04763705339758
122.59388717895035
143.06525685177274
293.81848747148103
267.67770533238024
114.81449856824821
147.14487009446773
171.0664449424184
266.9814792480588
183.97434994451316
226.09123837767567
208.78657301944784
299.6754177222746
465.2972715671994
252.07418852562068
163.22338496427213
137.35332249128288
249.32241399007157
302.2825075091588
318.45705382607235
139.81448177497919
89.03590452424777
231.62424845050415
125.34004350772051
222.44116085146058
77.78701792529776
296.49661552145426
152.07025947219321
163.53377161821862
105.33375256385861
110.50235028543824
40.902215297797056
25.40636355464801
195.24283415927584
220.26726839686205
204.31467142581454
77.6875120030714
235.89657676248916
280.8520964374886
314.5434640905785
139.24619551623996
201.61454833488435
342.58485279487337
88.12484897387316
223.09211632862443
230.75841094983258
302.3422597848697
182.02267244886548
257.16673016201065
212.64796211816065
172.65444601158654
312.068797255067
191.01980088997442
248.3704956525765
270.5607024072804
208.93964752758447
77.32475341510892
172.26174522573814
135.23412507957084
196.7904146779702
303.9633482793413
324.60841570594323
93.70448854604159
223.19386339130943
190.17348927996693
194.7592271812712
0
219.33154160006993
183.30892480641307
117.10647486691079
0
103.75448490683051
196.87347088520733
0
85.82608617662075
252.8676436687748
233.11279795883627
212.09474636669958
191.09424555008374
275.8112074431827
227.60975831360133
0
352.97655536718196
109.01375477341723
165.19779164654102
269.2542816063719
185.6888348795773
128.5007387896835
56.06775590361056
481.56608259574443
174.54029917629316
247.81167056513118
0
204.25763481545346
317.5911011152698
334.0097720423221
193.16819427574234
121.7671848160946
212.2122045503214
185.17796944611675
50.00789600826053
238.1631970089951
227.06291830161325
273.9597678216881
232.25094274072205
208.14848755443217
104.73069165732657
240.1471902224143
217.62552456241707
74.15227737001327
324.49689066211647
235.46971367190287
127.95013274304733
357.88825648454446
212.9518626140601
273.5249628473172
116.67142822933002
102.10238479682349
295.87854445363956
340.2825967171211
124.88244501487168
215.96871285309362
69.34020461358298
134.48765848992105
121.18684326945733
226.17885307758192
0
258.0208673351821
92.18028562308159
287.96258991970285
284.51194680757885
301.33594202804807
293.18595208472937
261.6024881603687
127.92002480939291
133.00138300054348
133.35957023257924
305.2744946988724
182.9692315461566
160.68882774557832
137.94497820828593
67.01194666090274
0
199.35619033453472
95.88730051809036
131.32672541431688
239.13224333636362
247.43698883190285
46.13275217407002
198.17272156078155
370.55050621068756
245.3086352019838
318.3712295122367
72.24689777158493
66.00225875682762
158.71685071533477
31.222968351865063
338.0048069311383
173.64005944666053
95.90101623598173
131.00930841807818
173.66157803576633
397.0582213786314
149.42587425543007
263.9211850099863
85.47412333267783
138.2226492106958
294.4365529089561
244.97342019309903
26.514975731269857
201.02477273085913
367.5479342256656
78.32537557611832
143.53117338893938
173.34151740773927
210.2497294393526
250.3930204559806
68.52602711838006
61.90425818482743
408.38748782610264
273.4268167537646
189.0188084149044
36.89422421510281
211.73088357842357
229.52961253804378
0.9954654162933139
285.0706410359395
362.46856581649126
334.37105711340286
107.36977000072307
293.6246597699747
266.3296200044101
200.28904842879183
207.60827246046392
260.796516443353
242.855530195082
199.01896914388627
108.73436935725151
209.15722832289057
158.40302562365588
305.5507960451672
313.6015936559893
210.54964209300692
48.31832948449048
222.12318234381794
163.45807855940572
67.66385768431036
260.90161965960857
276.6666693278813
1.0199672530428074
263.2186978586522
177.57709584177198
218.06695391936248
248.78398901540217
62.85467448309038
344.41052061501114
121.51800037511205
190.06348459803647
110.79690743127121
66.49357011963724
298.93001757673176
270.682633735164
230.66718864782717
99.7103899950561
108.9049192942953
312.1097769887963
305.10545137672653
302.7786651083619
225.28455684125274
188.9797726241707
198.71071640546128
177.22814392223518
148.084281811223
72.0507359782423
181.34508606363755
101.83457296699568
224.6268892559235
319.7180391908338
217.6696489447895
264.07625680710987
24.924214920607398
184.30626596591063
349.54733702344004
276.16378143368206
285.07574352665057
164.7583717979042
250.9746408552337
169.85658417441286
194.7215243819909
200.79854519194157
201.37322331021278
36.14168477695091
46.04863969797549
25.39987995448675
146.0136796487886
236.04924958115348
296.1234133335911
119.9700554766725
236.50969938780196
238.46703409891288
291.78310123409653
305.8775706907916
271.0176028386227
144.03002466982645
217.67917797327635
130.41663532651472
310.8882102531057
25.241539311379427
291.500833392488
259.024141361634
133.8383883930393
8.120816695111387
243.74223892472247
307.90469168747484
16.143571655738867
201.8141215794587
414.07000118452174
305.13864336229256
324.4967291477912
264.4801495952137
241.83402099142222
212.45640406709694
130.23168090003446
287.5758260758616
206.47233125076076
111.10220124136208
113.67912706900685
297.17074071900754
0
287.24059630825
152.2150612796786
134.94620833567774
202.35437315616522
362.59300859161857
222.2998742655349
32.28800704538057
97.6442430103861
232.24006011882884
268.38075557193565
285.6151412527112
467.4942279877
210.27580717141092
97.576363285002
372.066000327589
203.98153698938592
182.7823751478228
199.71561596900588
34.434411723839816
363.6122901140794
228.96934635470134
63.50444899161704
190.49321787177826
359.2441496488249
137.69873657342873
324.7057256640267
95.1969811450327
354.77770689065676
105.52666825298842
263.8362138936871
282.9270450950003
331.06281048200873
152.1491509595643
127.23997605271197
320.27097174620377
181.04675293109798
142.42143986559904
191.6645323122604
103.62316617638604
58.76071870199115
282.64787285675254
131.42905413023857
266.4367297506876
298.0464508432854
76.81529745169378
218.55916573617682
246.0852137362116
476.7342085565155
164.1251076523841
189.16060645509734
150.10433529427223
191.98019447748152
257.02047759599935
269.6454966021889
172.0433512586364
141.18376538047693
167.72096900117873
332.7495372038171
103.69351641092666
268.602226461094
207.87605464354746
250.25853140544626
288.5807117043192
117.72360112196502
232.86515552822328
30.43395167375138
41.58089448745582
131.29356517780712
339.76585863079885
88.09011323854796
131.19444517056115
73.74141216416396
142.7805714475514
8.616079895126461
76.80202473076424
174.17086954962713
180.845628130647
0
150.15164821796796
228.08319166080673
140.32817704010944
105.5128516524389
247.45655805964697
293.0817703142883
166.88289619012406
274.98152994130055
207.10965381527961
136.72612506908658
374.20801804523
192.3773451165805
160.26237707539377
65.80996395307108
119.48564864613091
155.89910376350755
134.4953007358997
204.1213265988902
179.43157758875205
208.6879781960537
249.8607252382033
241.55920585000942
389.18818330784023
382.8019475336415
140.41970314323888
110.53560563095984
330.0309343777028
219.43762190500132
227.2487126987147
87.54475532676358
179.74073618595162
118.41139319979155
170.41143348260894
315.98003022021913
113.56687634103149
97.4046119867714
269.6483882117336
125.55975722587146
53.795568500513895
158.16588863344668
270.78667419755317
76.09208418297936
360.6588112410409
212.34735628926802
235.22318538875135
210.48712545505074
220.32706482897404
117.20454567113563
309.8371551408888
147.4561721645713
224.30765191951
153.6442008571808
269.15154604981274
159.84259530936865
158.2058650652889
149.36794803825438
166.65068173072652
161.0326676805317
309.65042101055053
142.58548284992796
268.87330586078065
350.27844864922946
250.2736367683513
172.54747182980458
146.40764003765895
304.58072919184804
225.80610976203695
0
233.7319960129375
36.171839727223386
188.62970014980772
91.47566061594681
261.00787016252355
87.66065078182663
138.99507450050294
110.02573518507955
261.38589386882137
29.836806123838386
187.62990970117707
48.02093908730811
178.50442005689203
98.3121058044246
280.99297334886654
146.73236875134808
194.6778562642565
371.1703330810483
154.6460901272685
228.3696026845507
228.14458957145683
72.96618889988163
342.5550047365499
318.65225183110965
141.33614238227918
281.9732911013841
372.68960812224003
317.3029893642531
176.6869032983198
301.67733557923
350.6012175772105
262.36803009066256
142.9929221510532
267.8167025878849
188.5885231524919
307.6103552738037
235.43354544242155
261.58326060956585
45.54964254485324
212.95105638109138
318.8075312977587
247.88983719279216
179.73156140457684
283.65584795952344
137.0925309426426
209.25601322620233
256.27194976116476
47.771712453646614
169.96398737498498
252.6807892067294
366.83418867036744
203.26062923799316
77.43260884033492
96.94189662313116
176.4141336331836
346.9239843461287
9.637663731020524
181.11673818278115
191.7143691085853
105.37311215406667
278.2009924267703
218.49648351147192
136.51028660786093
297.64602571075153
155.79919298063697
284.97212667888573
231.8490195425418
124.49094867925679
214.78181118030017
307.1955799513679
12.791847434501278
6.572764629886308
53.08657628150519
73.50436945629922
231.99307197148858
155.31003028847363
387.45668840801955
78.6652467254361
250.98133203220232
390.09644093798045
167.89142146323215
290.4801599471915
130.66328596128017
175.8540971937744
334.6511010187566
139.62724385437866
91.14902449811213
8.120101564603488
295.69936860668236
188.638732290644
298.98193834011494
173.1044664778344
193.8373075309638
142.98185543043914
164.17393477220983
249.92862804913472
37.786503743949254
148.5073790166922
163.74015950125155
182.09241976124912
224.16269532721392
110.24674692611761
0
176.70759588269075
264.56276954534883
286.0102997798029
362.3852109421924
270.99724555197776
199.6099825813521
176.67276681237902
331.6109183273958
77.98443759393552
255.48706456353972
339.63309703584184
9.37514511784812
76.13132695318217
392.263736818977
178.79127223203793
153.28481461991362
238.5271388045763
60.62626501830843
318.84862059827753
0
250.62202737080597
0
130.42975946109433
106.29992209842658
79.32224056845891
91.21639226705771
93.83820317582547
321.08946315939505
300.4649975520847
267.7654741661168
269.9734517630773
319.2135147431138
361.657388494089
221.91219864832763
137.85755761182548
210.11404696227225
111.58440207141503
194.5662796448915
352.0420615050417
325.4748925328619
54.42873858018942
117.91749998884048
176.0156371374432
123.59141546718774
245.6657473665952
106.03127215736944
275.5371409388929
107.0181048548089
256.92650324906134
128.72600200419325
319.8810878584717
234.75961290132835
224.84283794721875
173.18876953327657
259.13939583749243
113.65929774428155
106.18704369066351
234.82612916747732
116.47709568800605
390.27106075746735
279.13020330349246
66.71391082650032
289.9748742526448
225.73135229087572
109.14643662682327
225.17697898044213
189.89732811803606
24.635735438829755
102.40616466450517
114.68494763830307
165.27512515624062
303.9353389857112
215.92356508902043
312.0319529280847
281.85484893039006
93.43669832441579
358.55365261316916
38.81574788699572
230.96175222981765
302.2133544482326
94.77962165490077
69.31292588649006
248.47782060966279
335.4770253557057
3.6600838186425904
354.47888238465214
0
70.27450234928233
74.55764356950039
361.4758228687567
121.41161537667973
178.828171953263
222.8561342724014
223.54699637203146
278.582627743894
77.49482119773126
376.6536144821983
284.73553833283677
0
46.93134531990418
310.1390984505505
231.36136798859874
315.9314793432885
213.97861043961797
202.6668846538899
255.84273258095405
89.6731278864789
302.5628726205053
223.41589678135927
302.4478153182956
322.1334539138163
63.14000871318396
388.2420641237725
214.84774461399905
277.6612535309306
271.4805129641398
109.28937582646661
206.12380386299031
208.49371209370625
210.71702414506245
140.19529055870686
294.1123370750374
166.10517678649367
75.64787670966966
164.9289761822104
270.28273965829277
237.81839292770084
318.58924654271993
112.29874823667345
273.1624562145886
141.82700083731726
115.09979897343939
122.16678888402429
199.4877361279872
198.02523378768748
272.6997609503852
95.4156377158659
182.33406287597217
328.25294621738476
79.77071148715562
270.74443239478336
205.18541905244103
181.298948369513
111.19876470799748
139.6099364503542
153.966619345663
257.0515965941192
91.41194831966932
134.7998573107318
169.03553902926402
236.4386430426848
160.56765025024401
280.38020769868643
289.51549855101325
365.1155961545152
36.32152501389689
237.84839965267628
201.97907867111027
261.3591709373583
163.6610727950501
141.13686435019616
217.4124604402591
0
47.89568537065358
110.1227873548756
72.36020190251963
300.810279470879
219.37108857672786
88.69274121087302
182.43292674793412
142.40704573200577
242.64178870931391
125.80408107438633
170.98404476304881
0
292.4493516742426
298.12132049403584
347.93166384322114
169.52029801838015
16.6969078598552
136.63747325676928
186.98553656595453
54.82933213231729
221.58294711325595
240.3260619961121
197.8643423867734
171.35487054808348
132.93034456371757
293.7558216442857
68.53625692993339
342.8899975155681
162.764893265973
20.715586824342694
71.36922623073676
293.0280789456206
382.9665959904363
120.04720041107616
168.44352237968695
0
209.2104403706954
68.27152889329582
307.91288119300594
167.17023015120216
207.12800829849138
113.32593342204189
282.4036555563216
224.77726473588086
163.1519900249214
319.84326305261345
83.61477732230954
42.95249415909308
147.5355683755248
276.81780242659215
194.8393123278811
177.34337815518785
400.27689957544874
55.88615294744724
293.8628561490881
89.71685315916235
60.23098036238369
150.28181510198473
369.3561295828506
220.28268533336802
109.63147317339049
400.2088836918407
218.6155896679912
220.1019880437557
343.5578310295489
182.5475316030805
30.56506347395387
172.72305127743505
256.4331109250518
117.51520472709835
218.3965912599386
136.43127007832913
184.16038426916484
276.98563749799666
191.0551546459764
380.77569199262877
244.79919504976206
363.38817345194974
251.65471313332944
287.71894185321025
75.74723443353446
102.72318077063379
194.737615856589
230.4357603672385
208.86281788756688
312.2275361516636
209.16449595777206
111.77296347362173
228.6572748719622
240.19457317663563
81.16982117984948
222.00906210261172
142.9359307489589
149.5288360962893
303.2618461293694
107.12152032194682
231.49298751706434
233.57985922476834
127.9202884045677
247.89613470601836
128.5469652628878
135.4435252840318
91.8383941881916
192.84239284470158
167.36830425668626
196.36139862021335
81.99553849699717
168.4350201420239
312.7036660792969
207.81524232345134
208.24915702693886
146.81118209350245
258.5877834528866
393.8982860997203
187.7282214208747
193.51622016421675
242.84878093421113
252.79875330085238
289.0905713749386
180.84160942891737
206.92439390597437
222.81952670435766
119.06632251289402
193.50215337494208
208.6360903327053
199.19373503992654
241.6546389129172
223.53863024683153
289.4547346611183
351.9926753774495
179.02835808676275
227.48329997629696
101.75151440975269
214.15037098144973
333.9876946244613
0
198.8380710531822
236.32968627607355
278.66216585829716
185.57750448225562
157.2030132499609
219.61911863965994
232.69731993281877
121.73241287107763
40.98328687009857
270.3538949127775
167.9419617624951
282.71203705875627
178.79833389421736
186.04116875916725
359.60788086762574
178.8545644265274
277.06223080453964
325.3181893888073
371.40241571176784
203.07125116681686
48.37883417685481
206.30779193353473
252.64236494688765
144.58754970278392
309.33865583801236
43.93218457537722
222.07696285464147
179.17386264058104
213.30884382188867
18.109649184217943
19.073051151081756
131.50976785575995
94.2825587239385
303.6745259610274
129.3084018801199
108.68395538081755
32.24175118737858
232.29958492605792
83.32604318118892
384.02564358789493
144.7518177390821
176.03759054571645
236.88870420526644
146.74538172371925
77.04721936776741
198.630049993859
117.67629918633756
194.6619241784485
111.06119986157942
257.68641510870066
4.9192267420593225
200.22155086676366
70.64251957899342
186.70336360884303
317.8183831177189
165.77989326204488
340.4107762000484
193.13617272612632
289.4021875025702
168.57234884055111
365.0912721690086
0
291.8036146197651
0
197.53294852233353
83.41292657523228
251.59847149638244
126.72345424197435
162.4454183015471
142.40830420420818
177.5436174903864
162.6381803549549
224.73797810925444
172.37548498033732
141.4272472600683
215.63961093259422
69.62681654651718
298.56680962850766
164.92070117985983
209.6893221106899
267.20029595478616
230.47255165551783
0
213.8565009875746
110.0426961099722
381.4557456911782
235.08545475868846
165.34350086734636
223.84472690301345
54.30044220029956
266.1422931910787
0
76.42741604372858
187.67990823715678
268.0245308291308
133.60370476585274
93.61031193510266
173.57930979549283
132.33188350234116
125.92730642110837
241.65945618648087
323.3917698491399
322.4520258227778
131.67509768984746
437.10218830467244
293.2629884888133
312.7278783015502
187.60866919296657
87.2229220867057
222.2843719846465
47.44678774510322
95.18685427387838
182.88520372557235
404.7576771928778
230.51218585016358
142.5266047807881
179.2609530026411
166.95744562978908
22.49224289350292
151.70555069219
322.8505282884766
219.47235238492473
160.70988747494147
139.16702263461647
370.135190500044
305.3388907920653
130.08078857659575
9.195859515058288
400.47845749326564
210.26512750830219
136.56467484012012
312.44304423461756
168.1879310990604
234.02269110529517
100.38127620975364
477.2499663427359
227.64548104567902
0
204.1624640937269
149.96196703135112
302.6123260081971
112.87761212622956
304.4813071301494
301.60602820123427
186.0423701375576
267.1490485410736
262.26467782063884
212.8843237626511
246.77313277538417
312.73781772104735
172.27585766913205
290.76938720370686
336.45536950336714
181.32108191997895
185.46295649456698
241.1625953212137
172.68725685051643
412.6583492756545
49.80083725729946
418.13139881772736
305.25106866571576
82.66587931079607
291.74225117184983
79.2222088153132
393.66661294411506
191.25021577170963
322.2071699629734
152.87700827673044
236.17787715599513
111.680049298332
118.30543758728173
301.96013921826943
414.5884233886592
131.43925473626848
239.67161296330696
157.95076853868346
291.29724490735464
95.42644407697529
184.10746272116944
122.55372698383712
178.25915509087275
229.9368907913477
97.4541171528229
265.10483025698574
470.64123856424
92.83114959093264
84.65348536947982
393.8940130493499
267.21850925616957
67.9841934067274
265.30329275922026
251.93641768922805
61.01434408778417
231.2175252325551
94.76572473535194
322.94938168943094
0
187.30194707886898
202.13671667710474
237.29548035044758
286.56616950961177
134.47758322273236
202.4109792358586
305.81036664293424
161.36757978048138
147.02730331269692
328.8988803886215
257.1138373388039
211.8286400675321
205.3472389366249
254.85848577908902
259.62656149590305
124.30265577772845
218.7366443235652
201.704209777014
269.05260909212876
373.58800216120255
292.74501758849095
330.5809085191752
202.58928744409218
211.11486300402794
379.21203459989135
263.4132701019707
74.94200741226746
176.2842426047912
102.97520505338494
226.30591380228498
247.52612234130743
163.85189781825756
142.60448661782004
299.293062460011
79.32814298072404
120.14027656744253
241.22265924495662
322.8280961864569
134.8530244997359
282.33945081077735
269.0057674195518
137.25659663820434
190.41759438013503
411.49808932782867
327.34957494264154
190.68618439667145
225.97932199731966
269.195634475389
235.95821681348798
354.6419065285621
205.41377914480233
166.22509066789536
296.4504966555762
205.5263416169974
219.88206195723052
186.33410188447064
89.17055955173684
44.510118783920404
169.57424467620126
98.66165444895995
330.2065863132417
67.27197788585144
149.63946529691026
445.35273200061073
285.79755105672655
125.85922438997699
252.6643569709783
251.08332765675456
276.6004882851108
134.63803169461147
78.16480342908969
130.1985933898427
114.79424592707544
247.16490460313287
177.46355607969087
27.20716290380875
215.60598206869162
249.24046627209304
264.6644359593461
23.67965731888839
271.6306477715236
341.85716237853126
149.44555884735982
234.0397889928394
213.70816974770642
296.8625764614554
152.56704804758735
174.26086960359146
85.65805055615452
192.30659878130254
322.1729834713947
380.14937688612275
271.2747968091884
273.43208894393825
578.9446924672832
99.32955281008464
126.02661337781605
112.22753374336467
211.50878303110665
42.040302157853006
111.46354897416401
280.6955753008999
199.12896881184741
350.2172244916512
282.2737135983095
358.7850628483986
291.38893489752354
414.44778720212366
253.03174910584502
232.40247363041436
210.2515311810284
167.94564720923626
195.6609316368793
25.128326740864594
260.2319133096901
203.46768848304507
132.03320061398355
216.5865608199014
41.542145912467475
188.34586009030141
213.74700018183944
173.58863699089218
186.99801942467045
65.65934306212961
198.96179087516327
72.8569911102477
285.7698308410318
487.822799129655
196.62098248486964
292.5307874087361
384.2390990216476
304.36194179554917
353.27673651611576
243.95349690954615
301.7051170035712
257.61566152814044
225.45373352821107
200.23810634050167
240.8368140328937
246.07583897040195
176.73871033101415
169.53304393666895
109.6409803493147
197.2613665457479
161.1994612043165
360.3036931264597
312.17418636734885
173.97125836615348
91.56993116293191
259.5858135972494
330.0506273496644
298.68041124278864
146.53270708982905
65.56660813020147
311.17027575067516
472.45673399228923
332.61892787552597
161.54366938076507
69.83337675204268
116.42321582585203
93.45436604662878
159.25103278297888
165.2799208023119
137.43631085025115
293.4521560339123
0
227.1440083121969
266.5604664381786
117.89354307104446
184.30749293322285
258.0199148346806
319.51552669212276
283.52309148878936
44.230904562004696
349.8602026062268
356.983404050716
117.26088767662479
213.27009310639113
123.31185363729811
309.3622058069647
141.00472718020873
203.55317611945134
222.83137839492755
219.551128747144
288.00984308148884
14.946941979796009
236.77208116090276
172.34198665922185
27.768424587861716
138.21999425382407
197.24865296878482
169.710979837027
279.935868262922
258.10159035530927
341.29724476067065
255.32105075834752
193.87443724735212
94.93107489258821
302.46553659222667
179.10670404759136
0
250.12342689272182
46.53362458854426
352.08682780838785
420.44509324561824
219.0393872782679
305.81974021859264
137.3138214016149
325.6490942391613
271.55212157460926
137.81301593841613
36.69248781290787
156.59048315347326
202.4739300354506
184.93914360736446
170.879453480751
154.0310148641028
105.00147051757955
160.3499015787645
275.5147388059052
243.60629256129624
239.54020702355936
223.9215048884668
229.43481464648585
142.24190338586692
230.05838986769402
124.33564605936725
68.7863766495912
216.1227128031796
73.38094468364322
156.7977501398194
361.93619348337734
243.0034165956577
199.9910022484405
133.73011553978392
188.85943544188447
227.7089777671938
227.18635346359673
275.4971535956597
91.44485371266717
179.64092209076924
69.8222257874377
164.3718466309722
283.0640777276628
117.96900961635632
291.2751558369326
286.71337389986684
345.5069760464364
48.62390934911119
156.98581844985782
88.66795626085255
128.04021426727257
137.47600582827943
248.05931960084916
301.5751847943778
168.29124983197045
361.6623346612697
42.246673078092215
226.45510681225431
210.43794429411446
271.2064981338894
317.9694418290821
163.17864594628628
244.0132018802032
130.55769718280985
278.03653821599323
408.16191137273916
174.09565650994625
234.82155088293166
4.056045519129384
233.34079163937412
268.2229019266508
135.3421989773188
212.94434609138685
85.05582713977446
88.2843736069021
37.83595086983095
302.897619934527
204.19269255040177
157.95105132067295
131.45832098399237
224.61046048363843
48.09254474345818
53.23444958324302
174.67377159601816
110.21035823501374
0
147.1396190870427
187.66388009322444
172.76031084576803
282.2954352377317
116.41425005882311
45.38073732558715
108.47383007988162
91.82057946545024
110.83606735444027
187.02414255295201
215.14306460407894
305.6723703955475
266.0744028397263
140.47492843177287
306.5005553968384
221.37605430487093
266.12551382692567
292.39347372776876
151.847837445139
181.31743969568643
44.32801938557486
186.98195077602807
189.59811042836532
335.38390304762015
341.61953435696114
224.4601991763465
272.39348153303104
150.7780997518285
187.62224324242467
22.616480350149573
168.0840604404475
128.94063626475702
244.84476397439397
221.08505978105362
237.8871113802458
272.44481390057865
49.80357093074653
347.09485813600236
238.38840422239622
193.09167443294504
109.75667433345794
54.72428393710908
78.60912678102538
300.86672711622236
150.41520186974208
360.82796628920187
231.3123965212652
221.71985684090723
194.21691388426456
253.22549661367208
318.7211415005346
239.37677269742042
261.67798815802735
134.3007963869565
205.7198611558247
175.11676046853574
53.57110487096827
182.24542691399398
252.45361721741705
464.56215014044824
321.8297239471357
275.37078342394733
219.69160589392814
154.8587328129897
272.5391589112148
77.74430957014282
118.06615227524374
143.11100069310686
308.17777789593777
346.9333284696631
265.15231216999643
395.5326419875534
287.81769662833426
54.89317226951843
163.84905825339712
129.70150186383728
253.50418039654383
102.20620832939777
274.2330246834275
375.14099278583063
423.01064221331364
222.9091180927841
183.2307229923694
354.00531010546445
226.6173644141308
362.6223407286898
363.1631438725337
106.10683131385888
156.9030312755588
348.04622180057265
10.779576983555756
274.7807844853798
269.18731431285903
106.54963541253673
82.96990793583873
332.10954505686647
422.8668668902808
354.90753747686017
63.756716001478
0
231.77857352608328
173.71943563527228
327.31087823498586
231.15967580421412
200.19680732398342
346.0641511757
36.745671018224556
59.837577229118835
226.30072737571692
152.48825764932343
196.65984586892262
225.92623975497492
251.67428552233312
78.53919576505861
94.65307645006817
84.36587828336673
198.67857348576575
227.89609789343024
228.8877028744045
158.05656793619764
391.6178026318875
216.95864017230937
150.29543530840263
74.0269629273755
175.23386039604824
79.50860767457375
338.5165354764232
201.10011724189266
406.1023531774722
220.40260401612903
123.78074087484781
341.30404426609584
395.59557382232043
263.3550120461316
88.13197179361904
117.33500176748211
195.2588066653839
89.51065042775032
117.06683944077075
320.12046409542194
331.1572258558676
171.96272053819098
199.4888656133551
215.97079222748874
154.10251857904916
225.25485078443023
298.4203154660101
147.7588022803092
175.4290987563085
217.64366655367664
152.19832826193007
169.74665991160296
22.1654541776972
109.92261885707879
0
281.0252846368471
140.71880878018462
0
194.94894052055616
9.112587595414908
342.51211473027075
186.87201430143222
154.94289523872246
81.89640792759614
163.87345757573627
166.69343456799106
170.62753804162904
185.44915406797918
154.061860449839
103.3085490346604
260.546338634761
141.40793279932765
271.99903271988904
351.8679769618258
71.25330942695413
174.75938087108617
116.69835527429456
54.87921687866398
54.13662370699936
269.87710997830106
237.96094571548994
103.27264363862638
108.81834083529436
202.96857467407906
224.85829364452852
48.240146473908
275.7368432049809
240.11364029040456
266.91540178604157
259.264772150906
231.96373046067694
307.7531216912282
11.333717753260231
371.4306849089129
205.8204038885395
264.70386896218685
254.6474674874476
16.008519593663095
264.0432653388661
103.9171606642598
151.1833911336764
205.34079840907023
104.59359244136488
372.4957115228366
300.7532693163676
174.77537055461346
398.38182245056623
416.14857668918364
203.2938192944984
46.472232774473355
50.71362126570381
209.83804670659177
277.2253675327136
254.3842305951896
69.68482528543512
307.04201634535974
209.17360969754492
145.90993466308043
167.21837073308478
185.0272321607649
96.34696334477584
86.44227273986331
176.97060808241207
200.43861961972726
39.97773610134715
132.85691421336026
195.2771379180486
263.27466919526034
158.70394128358038
226.00324381056805
174.4819619922266
170.1130035190532
263.34056119298265
400.97081411149276
0
280.9721515369456
35.97782552481928
188.4027514580268
99.44301788339209
74.56859255099543
101.17182337448105
195.98532904458648
113.2386766843739
39.60879720190499
266.7445147318703
17.473764459040126
267.1379360311723
235.07664069228213
92.0463421360876
194.46414427360457
143.09669565773538
106.36692254644512
192.98991144989182
93.9274332944771
84.73615738618253
197.89854040507402
327.67649971132187
352.11905812797534
283.8214293102712
80.66234537818713
135.99270925579057
214.2227326118023
196.12097701107427
122.34007249123523
220.58733098438498
107.01194834780891
246.3161903733212
279.827293408682
326.29671465880045
104.44886833217478
18.586656494880856
164.91276176525037
228.06280731759176
482.2927424255623
327.67491832313897
171.73119918037284
187.37777243968392
105.50520206077508
211.42113244824847
77.82548734142748
234.93457373518225
215.01440209077603
239.18107479945138
258.88559340179376
77.10378930670471
288.8938000474891
198.53638785214133
318.6665243442182
256.292010346619
205.95318601951107
93.52201537239084
4.328545430266331
112.18219070976033
171.38859054431373
188.67013604330765
225.01683496500374
55.587491108475945
239.5666577437592
177.49746772261653
33.19016116515931
152.64758763666185
316.63651389188396
124.35013579445553
177.31255186476432
339.11896515203705
149.19217771534971
146.51212220249255
51.49651346103093
253.63289805373648
343.5837249236929
160.7295395380167
207.4562180808673
201.17356339241698
298.9630046216481
174.4485828631013
337.58224098209485
96.24954387251992
268.40748948954786
177.40168174650634
125.89104787688221
139.93497239877036
144.5172822900027
272.73219616640915
243.10213067813646
32.183668359394034
170.82670465031302
178.17603925444683
141.70319604015165
115.27796076081101
176.68917586448663
206.97869580796032
306.3816526895188
341.69704276061594
119.10451943312546
92.57858894471478
144.9910347596162
330.1628760357396
10.51130142379165
326.48236245537913
309.5787979708322
149.07684743405164
249.85695673814269
104.43993765957696
213.7193987152934
185.1964301973772
150.2240150847645
262.82245657574606
256.24502112274484
296.36948280228455
180.49665698510375
117.0495421125176
192.62734210444677
236.00814707468848
199.81518654746944
139.81174280925114
114.9609140447324
44.325604130977695
82.81746897778245
209.78929962832547
197.61303134774107
217.45223222068006
250.11308294032716
202.28628528620922
245.1453406815699
192.80295854212562
249.2087551607368
198.88390794518378
175.7230189998035
309.3859163675784
117.39447185259034
392.8342346915782
99.86879011671697
276.29081909870274
133.0075517121191
351.6545939516791
17.084727328558785
333.53438099658274
198.51084675922462
109.73815136746438
172.19430133045788
143.62191790101286
240.81705878988038
193.72036925100366
167.09506316778103
131.1347263538106
266.0116175313797
380.166135154975
386.79937295760453
360.6548503849898
353.20579028828786
210.17702774368942
116.68887416100817
232.59365036496524
90.58316405893589
191.7947247377159
169.78985211422238
142.87244300842738
92.06321447317391
273.2847745967626
93.41773806606028
275.01846800172723
230.65474218386294
105.15956214615329
193.3350813527026
208.4282329793958
107.4363572374073
364.1791002470702
231.66843408139948
343.27683304207824
277.7828035217275
329.063182572084
139.2770804317814
138.02749491064304
166.96793606912556
113.90956436988708
0
179.0950146770104
162.2490654001588
161.43524473260362
132.57544668431518
184.47429043955165
220.6512433526309
157.71337352314256
152.27232555964656
139.47172204505057
191.14436085375496
370.6978730774341
286.9314579886288
255.3282787259571
67.94376276034302
228.00083809370923
123.93253231486175
158.12907736794696
197.49072391411482
388.3218148850442
278.008691295959
373.50635236255187
189.4543874661528
82.10100271851435
370.49362461598577
150.05439304698834
157.2568703287668
39.86309055422052
84.88744746968422
150.2921344126817
148.6150851693149
200.10823704375886
248.13809878461055
98.60011882734673
37.7018610198416
0
304.45986992062285
83.78049593147183
58.76213612220073
117.2897230361474
171.30201990474396
163.45811678188312
126.66153911707515
118.63802132442261
222.9642859302428
163.74277685730823
75.95621946916475
237.7177461942598
251.82328877539254
0
274.54683666902554
330.90544650409834
189.48382162465134
369.48780907457194
127.04398365525674
399.7476675218892
427.4063543436193
127.69557775588484
272.7086286854356
174.31060987155928
193.3906887101254
79.42737799897665
106.76023861724475
141.2885767312118
96.04294541931273
275.1321089583874
140.835767022365
276.23393433614575
278.5395235644814
200.4423814275413
141.19874268563885
37.97332773632064
328.27679857733324
162.09700528557124
222.23549376958766
171.19384994080244
162.76893245784066
300.3526323660164
146.98278228394554
16.462403809216312
334.6483753787228
259.26138056939607
259.95768389622856
96.07350709432924
0
248.27780954844474
102.12532013356767
217.57235775868782
42.99625649503332
249.1827206333926
203.74215011883766
248.53005031920867
389.93257922835346
311.3390359686389
151.517299131329
350.11902998523465
122.82721362557245
351.54460439267564
265.68748145640757
59.97445323908485
120.04656130274333
260.7134552379054
199.47649125931562
108.27263669876506
259.26028843608697
147.79265181295355
279.314209209761
178.30362282604105
128.78497965981413
203.59022424053052
168.64646636323286
151.28670618142968
357.3193743426817
363.5193939438195
128.9968621038808
280.46597362266135
216.08437208562498
188.4628211814148
299.66796944899943
39.6921534374128
200.81857076725097
237.0069869967475
66.45523538619491
161.82977239551693
188.20743364993427
250.7472867346989
78.6382848134265
280.045885199811
337.2838780919277
175.44208937867455
184.7780566850464
225.6109670240368
243.7089832619316
130.68056344949113
316.356251875132
140.72122910994813
252.1690491393997
281.93859100157675
221.78006799486036
200.01912023852077
217.3280574308501
148.5553803029809
360.8832815470869
235.7786509666568
197.04331837599221
142.99194122321828
149.1781428266716
57.25731313581551
257.25903813822333
222.35354425561619
217.5222739511668
177.66733929022016
348.1356517719527
307.1186112276248
105.9622022895485
354.7699560757808
148.01614385879537
328.9012501045772
291.8252458291081
67.32189440494773
134.96423481956361
69.09031534348057
267.6033663342708
101.99273317657672
275.5147754096388
168.01207250334159
258.51451295989443
148.17232719543824
84.79608167672559
344.2020237093976
227.73912334055012
126.21342981416721
286.1963116402968
177.0414833031952
326.0195958975951
210.7696678163651
111.04763478835802
134.18322291630892
243.98094131191607
105.19262525770074
126.20710404081797
281.2896816254386
401.6816347800072
307.81023828182134
332.1913796051555
118.97264400199361
122.92382114135157
241.17078664072446
154.19008395096017
211.83780992547787
166.72282856843583
262.5214002548611
36.51266136615885
276.62905801516365
332.2344705498463
127.82821587399408
130.2147601171479
233.35533587169408
423.30606050540325
237.88697313804855
233.3899071543381
276.7589963057527
335.93553329138274
278.67849757863985
161.11911867813626
359.5747095706511
132.2758676613895
325.4002744008404
230.14433958529932
172.51856929336697
236.45816521995155
261.07460498223753
340.7027347022743
248.1604473074218
265.9601925162069
167.25394794387736
241.5374009360536
24.997467571078033
214.13258149469624
98.71546064167916
132.79163109030154
262.93620945848085
222.1220160004552
255.69392364767805
177.19777843739755
315.9770144002817
280.91787314099054
310.40993428402385
257.8902233746787
179.24414491320152
384.22472927477736
0
170.6666524542082
85.22454614697715
233.61510475509152
113.7438172973272
333.9678606746774
266.47485970880814
382.17279510426886
112.18071132314763
236.6451751997514
267.67892161381576
145.69990934642
179.06655908188367
244.95685836359598
279.911323320292
302.02873672934265
171.05496400394748
326.22913126730236
169.6240389351324
288.9628820905043
261.86982208649175
258.4739417245043
132.3421020501507
214.93619312437121
298.71497014857357
120.08901152265774
381.590907020773
366.03998298904276
243.43954096303668
370.1295453077722
156.45341745820633
230.02243629603944
173.1690310865787
25.785156054108313
282.9197413198518
242.51686588035727
269.8429018296908
44.94034192231561
208.43371178631537
257.0626710944251
206.34019989820848
271.9737749578629
229.38148343092902
296.33389150540717
302.93073702636445
219.36242524330092
128.32368615629525
63.41880381550288
20.265042524952037
192.4633170166432
287.83978784461465
106.00656825474773
0
70.79933418504672
127.44746686873103
337.4522063690945
198.066832411592
71.23829170163356
174.39842732858847
139.68461733391575
236.8771517090669
123.69459563515493
218.93470176264822
209.08279420964928
201.68147322087398
320.50199047165864
201.5262886090174
135.61390914214527
99.34742566346458
156.31692217776174
231.38849951592496
248.82508745219647
202.49032848410064
182.3113795546191
243.19171857428776
214.00907138293917
162.263283664118
291.9857790366323
209.9372444407172
158.98820301629658
39.23755002314266
199.45390541141774
194.6098149226395
425.52960388302233
139.12974618519806
235.33532236070255
150.72302596563898
271.55445109714196
58.94058709147416
174.07265212545866
18.990021203723273
269.332361256271
259.95213709907637
213.02863537127425
218.15724229867536
225.04590068964552
365.59492604168065
179.99054962377068
191.59866718674647
338.2093347985326
300.7588205261351
303.14995479292634
163.02073018505743
147.20272244947392
296.3534884575945
160.57642418968504
227.87481163288317
143.21844070990056
246.7750175962522
165.54558770677406
284.89388809721515
66.19666924656258
302.27321919900703
263.8520558902033
200.57505837594462
133.2853838045015
230.07961152288195
210.04651114180092
157.63111757551354
190.25885597506996
30.645582719582734
212.09225446692048
206.02964960628094
193.81163738672294
232.86031956684374
213.90894308087945
120.93736795264401
237.9953586393424
169.34448342010998
144.65627132593124
169.82384048196846
149.82006151451424
103.75267288774435
152.55514162575173
369.59100161393565
450.5461953125256
250.1206763467137
190.8424323062665
166.47465425682628
253.20635949340948
188.04727886743012
199.87237767254754
371.96185521766176
393.18916673294075
344.1317850233921
0
178.4338367657779
400.9250560832588
302.1067161212684
164.18312691149688
48.44627359735463
168.76175225402116
107.01736119803867
297.0845335162388
80.7316344666009
218.59937696049866
201.62975978050036
197.5599639904694
259.33372743112034
218.65143052347005
271.95854592357705
178.24645096900997
387.0573270253021
408.11887617942136
231.71421707771782
237.0512756474932
70.87492307856746
209.7622053730928
68.19037682502426
192.2451163964209
89.48443383621894
180.3155142047743
164.99270536226356
360.7853626480431
276.34456150371255
253.91188287492002
356.5610852291169
127.88823496715406
96.20035421694529
182.6182441571213
31.70670959205043
160.83267577478728
167.17027809833442
222.360955551408
219.4799884764389
342.8951227186353
287.3990037763362
367.3029740388745
312.35254453935516
166.32185491247566
276.35603219097214
173.9916912352531
11.373455455039107
206.10774542934186
295.30645099305514
273.0367529121006
280.86236138230635
0
129.34354963636457
187.20737758190432
146.82325147513865
134.96906645162937
25.681194405288977
230.98734790790158
272.37622921393444
143.12966239131185
95.88026382185512
181.29769307955985
200.39266621423812
179.42111647738935
178.23508112464995
281.80541301142705
196.45347349296839
132.98903075860505
185.24537034387964
210.95370242719417
333.89773401089536
190.3397820404936
161.82378861455425
321.9943431181227
263.2920587850852
235.29302411912806
280.8811793499718
128.59481865758715
291.3150427747363
138.44080800816513
217.3993285270881
169.92401606838655
4.473480594160833
120.3313635633532
272.15977536124
243.68844458903885
175.27918577571478
0
174.15466466562586
133.91929691765552
0
304.87468071280557
313.06876198448754
13.371206351850304
276.7256595631477
265.98517866062247
189.3457425425897
193.59578243973158
9.177745645837462
216.16463044423625
91.56491894226271
130.82572595117057
336.27288553722957
170.90806255045055
73.5157390520355
191.72917267418376
121.0837856962017
278.17331442550113
205.30827039435488
187.63409315347582
94.59238533920214
94.52592477558308
361.68313217465777
297.1220608426722
292.6022738291948
306.7057691693748
0
517.4234203836063
403.31103586843733
0
214.3001746382381
158.4004178317676
56.611606271929105
130.1021748502981
98.8091529167444
184.93392109084448
243.3532846777649
98.4888731282267
165.6143963852324
314.98580769500757
197.29553765713086
108.63361774571342
151.6054243654319
219.03021979595474
462.60603551580994
337.8514124321124
202.06814942476322
251.83775290387217
124.74892428783332
231.35838789851533
272.02488765593705
254.00182406672857
202.251911962052
245.14915168973002
99.79182577779035
309.01490259404306
127.86006798227326
105.25502954020425
97.46149929639057
327.5045617990633
160.25476632265253
74.96602066433546
210.71669500348008
278.0197225037751
179.6544139135678
277.6136041858936
271.7356592757389
248.70175796124127
388.23737610927014
296.7410457152707
485.9326433450967
185.56967501180085
194.18460165657973
178.9810812893305
409.203650495587
249.24128858425007
59.136914607639795
116.66688956988692
307.95438866972705
237.4661218618345
191.95128091955084
273.74909983788956
231.89635193581432
344.8405739017506
184.6070994155959
148.18531090505473
31.948306082699986
365.0098924672129
339.1629378095809
236.37108893068662
206.6348137944975
220.1375438342247
175.7554931978064
219.78884012842144
216.76894226824675
30.134136563090067
0
175.0981846496509
341.7204294315866
270.7627042100931
456.9028108440735
58.82638964951258
16.697109352108953
161.63025895583786
207.96175426134516
196.6635070399951
128.51345417260472
340.46870928041045
327.5262308205093
330.2101646895537
285.79343735830344
213.1001880974033
242.01048788593567
109.36704116176105
339.876207203739
141.7021763046278
183.2479070500223
227.12907866626142
252.1005176676305
318.98549475228833
99.57008283784772
307.95849737952113
101.17560612339282
252.32659782591628
197.2468635455494
156.21707145523135
261.13400784106756
166.57984562492982
224.74142462735784
108.83244200795767
315.9673925025853
204.56679386344933
67.05367015955159
169.57634177798607
108.18476583334224
398.21121857234357
190.68232413334516
164.56985503143113
201.851788206705
410.7084239948058
108.07790048465218
157.05902605412933
119.64966869591574
273.4559782670931
118.02626124604988
342.6287169586461
326.2939754863104
315.4978482786007
168.63763988736955
394.938394908428
188.6858654952539
136.28516119988575
321.01970964938437
253.45960934763391
201.0006238477113
110.58836073630931
63.068654587019125
207.6504910513731
342.52735801930237
257.68008130298114
206.97835172965713
207.63061356149723
202.34274570822376
141.7573234517053
204.85519657172054
189.2736322489866
0
231.24279879498815
147.6478502737536
397.00323704855487
162.10410648916056
69.51976178878877
261.4436427187082
176.83989636042233
296.07999042074323
32.357012715022535
268.5161488650215
131.7333683973183
130.4325631340592
231.67922783219538
94.34522757468855
251.8492632353926
425.6709998025693
311.30027014461814
186.990391031502
81.4156797468114
0
85.27336346036279
241.37007568036051
254.53682236636612
293.8056124551218
230.58443555025684
134.39424218891952
291.3654141426957
164.13968136385398
123.22055809898454
5.036128303378973
213.86226543517338
7.2655732786768965
226.12815711296184
90.52231288925053
239.0873109888406
408.69293744225774
277.64400122195826
234.69758681751762
424.47009285758764
105.14804018120836
166.1877876866202
169.9462623133912
0
195.0700001921211
78.39353581418922
0
370.5549204227144
254.87495818212955
199.1673358541233
160.4037683390385
306.63011663326625
6.694017032975779
224.17177311488837
230.090543227758
239.09159424375252
305.4279176103272
549.0169606531333
219.60489146672091
179.91083507236743
230.33711589529685
74.10738636510206
287.77517608508936
96.38146646070945
172.83439366635454
107.77119204384857
261.729867599501
248.3800208454754
400.0593754407935
75.13618811492688
204.10995721534326
76.83656511181044
217.10800182094488
185.35645413396455
162.27512909615888
162.4940796857208
280.3178166634532
172.4646243609566
24.444991112786028
116.12709329254143
239.0161410312353
250.93961699316185
305.31181289351383
265.8032118952022
256.0754632182958
332.73254183055155
111.4053704268572
74.26165615453975
238.4900013641857
104.26011789867027
248.82795737145864
245.65193138243768
139.31021897443085
159.72836191428223
230.35297841749397
260.48274177200636
320.8264280634964
283.1511061216611
341.84400290227853
163.9444881475271
373.16995815724863
341.88633417787537
235.15052058238237
177.6337987820623
324.44278341725493
104.31216462795653
206.9037155395733
536.3617914522993
208.31310956864567
233.34685670770673
197.89807016597993
128.0404969321686
203.3212450052143
175.31957211461832
159.7642214865407
166.06213704963454
120.25155042823617
167.94470852629678
303.1137064501673
178.52545259160638
203.57737104755827
24.0317483714407
349.52935161330646
520.219631223924
214.7783281866433
329.24817024394827
180.28736789184083
231.2627243113403
257.5998039747931
298.6566613117077
298.1694857564644
269.22370862829086
118.22621012443952
172.2344457490289
252.38632627075165
212.93976822908752
248.9165421634492
290.52327849659196
229.62942391035708
224.96649773587316
0
90.35481416844935
280.07454885979763
314.59775080830826
198.5922026797348
114.1888447967511
263.409122190629
244.01460929177495
273.5257942303634
85.33978574057748
159.00983351471518
124.29973936971585
109.11024137065581
233.57366753442932
110.02666896368606
241.94251255885683
243.86124546265555
352.1160073610954
150.3505040183022
195.54965154803256
177.32957556170356
277.9946746784636
146.82753288443135
16.907891901100413
215.11334106345643
46.61835747433818
77.2168987889359
81.52403951556002
322.31611388752026
125.7196826845419
264.66075675832457
270.66265005350965
325.2605890407509
73.15560111216767
141.61542909046784
225.55599927118726
396.5913153772482
483.77653351305275
172.4193382176292
108.05377831971896
145.39923989599282
340.0807485864034
208.74229329301664
178.49633214145294
262.2214222192838
0
274.4837916027918
0
189.0366961687027
105.07235274098878
203.93521566253466
347.9495325187202
229.69385460568907
125.15969124371577
235.34830454946672
82.63356332800763
314.3409652216147
114.70161900399816
326.4142859199856
361.329108691445
200.51057505875445
129.54437209479653
294.60873973017044
528.2446544433503
321.27412028145045
127.38315156321877
282.82714371078976
75.72610633623913
0
214.11264217494596
412.07430973691385
204.9630678208818
286.4041968135754
155.7564935617738
75.53216090934276
26.06849173299466
43.62522587227133
200.6923886103158
219.55325133357806
257.55466544806876
229.552180264302
206.48025215169915
161.8697198971982
237.10879936974777
263.44392880188695
251.82815333783466
161.04108935705503
292.5548857285379
347.52501259131486
266.1214217417302
204.22288535345245
252.899176345925
211.81926715257384
245.8238974384767
311.8003133448642
263.8004702275644
105.58717309845062
44.38461137554853
376.9515841788594
107.32657165018166
185.1730057772026
19.90467647824258
115.30085457610791
154.45122396926155
97.26355176641337
159.24442296888398
243.3068593070463
244.99523863527946
51.73132481977757
174.94347927837268
175.257956225691
140.29120360096607
0
0
68.00119353928008
433.90717356236115
242.37287240643346
131.73485880028912
230.41237387917587
198.01153349577115
246.57751502464046
202.2275815508854
229.46151200352887
234.2406895323836
213.4160524525068
374.18898726958344
77.95796448832719
196.56624814716412
397.5424188373877
78.0114609232626
68.37224067488498
336.58020565941956
263.2201954087981
71.30436845108221
241.1534353801627
250.2684725905802
257.7178278581601
264.40374885717154
277.87252095832656
217.2811336052638
168.85434537580102
243.20606198845672
197.06068813530436
317.47221870745955
241.75029447772255
183.67184964504395
288.7385087675912
471.9628885209302
170.14043728546136
88.0302750648403
118.67200934659473
315.2562830547011
197.1235880600594
235.28015042190424
249.68337223359936
240.36326878966338
334.29115477431105
204.47802805282006
219.1191965899245
166.7618082986059
47.30320034561365
46.85225713285121
295.8856103494133
225.419223340742
134.42894270875968
289.46699549114646
59.11305949068037
263.0360512695122
231.8577380195863
191.20151619842156
161.19956511409774
167.4101033117305
117.99646787520074
88.63025422411835
260.82785258629144
179.90053988872978
196.43293082543386
318.8261381772424
68.6343237644723
136.5743769643004
182.22686710104176
154.85410348942563
173.53083522830443
411.4575252356956
62.46431275054337
209.1319031326423
86.07650339242635
315.48510771162194
219.70676501223645
60.01733828170188
219.16983391450913
0
43.155101060199144
112.71463664442552
303.1498044603258
103.38414035291035
200.83759421683666
129.93597822898218
157.75260836146415
183.75895433379878
74.70351595099804
168.98002916463383
199.22901175757434
143.56843862735604
231.35667394254602
336.6936762415008
157.50590461338706
232.32392408751534
338.0088688111822
153.95796197274882
190.06517132307783
127.23617089907137
109.88507450775373
179.22749776181354
236.9951252441417
209.23393386580705
208.0934423224518
266.74840187610846
34.86481108372428
447.09750531299494
178.6603972825788
145.3848298250231
115.93959326395668
128.81255545269062
0
114.93931325093163
154.8960049077698
212.1354275903891
68.52082528495035
222.75809253983942
221.91143487075482
364.435237744872
360.6573847343552
166.3638202034353
190.50494925689927
174.68495177155268
77.27356499830927
153.68927278542114
98.97124484306394
299.18990075884324
151.01735809600535
231.75190249101885
214.3963281462346
84.43593733661321
308.06244852489584
129.8855546250796
281.6941340717748
282.85592652104873
170.44631675686333
346.37185896646554
167.36573143579653
330.25959729919913
321.9106131927492
111.38210997832859
201.1187708416017
265.68309824668006
111.63245729166535
238.9891056491336
186.8723784770201
149.79005853613097
117.78074062820617
274.5946951512087
110.11601424192303
157.34263278236864
320.14009381672645
92.67643254882627
173.66742105726402
272.46464887993704
29.655556393935484
238.89900990064405
200.81071396139916
183.6410466532972
87.30880233750614
164.52244601408862
213.69561840754096
182.76620616916514
317.70329343745556
243.58740729720694
50.69720741621825
213.26568932463886
143.81115317330713
229.95447680434575
331.23748530300924
133.87042146902297
230.05402319934362
165.66169354573069
243.06077706538187
164.5316776451057
187.58325264292813
144.20135140672778
234.3713756809553
408.52893857253
186.16335383596535
210.44225337149692
98.09937493329133
149.1194883783412
208.21448269780592
242.1387032668257
164.01167608804025
165.72542086232457
282.9092685843389
240.88768377389727
284.40083344929616
221.77331678308687
266.17873719272217
235.9286990484955
244.15929150367666
215.17402723732815
239.68716537709435
131.55955120183847
365.16417384761303
219.90835095136674
73.06942150727534
190.35732730904107
140.29887926106252
207.7365290611741
136.89324690604835
183.05595655719384
150.81283124134342
247.54638291731476
47.55283767679839
348.9111175153699
54.605282658670546
182.07161561636664
226.7408372993618
200.6458646567701
263.252131887713
266.6187403348131
127.49334835379038
206.33263393969713
136.53156051257264
259.51200586371414
111.53312450664691
16.344150323534677
151.9810170736241
101.68129486531784
161.00082241988196
219.18495504910393
254.83305023885146
6.622202964117889
190.21781277157442
14.043114333206717
42.01983398997925
357.15925065025533
392.4201317033676
189.01349696011007
186.15078766250895
212.10272747777137
182.2344942331245
280.93666978875
212.47174756136212
0
0
4.132012066675799
134.34128827626856
217.00909394134456
165.28965506969772
31.812699867831412
201.62594924216015
53.58695727253641
134.7135981334478
234.85755827295839
238.2111662523507
289.5925336891561
290.60506620237527
218.30872990323064
0
335.77803930777355
206.7353548871135
300.51687459735433
223.88872942453924
226.53650653984548
19.484930849831386
236.58406683173226
317.06401844018916
105.57735042633001
134.35195279141067
156.12069590389476
45.44047682315306
165.7861786184445
0
0
242.26432402794586
272.36915967683194
1.1107546883570762
262.6899158592876
163.21107511478743
89.1348704243648
9.650859479658124
136.90232179251043
259.4365410430127
235.6281185304235
171.12961901394033
330.3693054681304
100.86924623439532
41.115257521234184
300.2593308849275
316.653144763917
127.40747244465052
140.76641344355716
193.3992383519899
166.1310460338533
180.04165529313218
257.44112174098586
148.43146567670198
98.85649559851961
38.7544481701683
202.18656521278018
168.19016712383598
140.7865456688064
164.33806747912644
141.82927001395313
219.0032181795728
228.94937578021876
0
131.13114859420915
321.9936360892271
464.9261803721427
67.37256620604336
211.80354319678366
119.68110354162744
259.54588367355575
196.37952818272188
292.7848914618917
231.17752621469543
230.19794778213122
239.9923869781172
574.7523263804092
150.9533158987168
229.02651938716753
296.8270873750561
36.66270105905926
100.64848611281064
115.5090442193485
179.49165868339625
278.29106627261604
286.5436791649801
255.26693747547
279.1645475299083
108.44368957821936
393.31145473056665
190.43950910430723
283.9021422143289
278.9711599647297
154.92587153854836
273.1904329060143
263.1979452803949
173.02099302999454
160.1292536640224
144.9938959814884
188.20189995918608
215.26291765085847
141.99760721265386
247.97924946861158
201.31269101884638
269.2466042283063
65.38770279830683
342.07297524139494
307.87118273037055
217.33162793541166
146.3091481994615
349.59016699924064
222.85701316060508
180.47820534132126
200.976186827951
185.11065286470708
259.9735273453328
310.25328679800407
139.43736595607243
108.23502405786532
103.75368910362019
406.85362682110474
41.34527639780816
259.7787069386103
237.8771542074773
33.188452924964565
133.59289361320748
172.94857951144851
250.65162717012217
108.97324375632775
153.30574218641428
0
147.00406699054673
125.51411581303127
104.86932247372322
273.1314940905469
204.40234369880233
336.1092897578192
252.4998108800203
202.29344268095315
246.60628195085644
244.77846602364622
280.3092900167266
212.62708474739372
243.81240180308507
201.8208864631682
356.073267801425
285.1218734577117
323.07232747221053
255.9353324445763
208.16326346974785
258.6990710286
231.69736409406107
222.3883864107755
325.7894145664864
231.65710568463163
235.9861715040995
228.64030452525577
214.37065439442034
52.44423231425043
0
269.33436886385937
277.1675001028583
146.6565460783593
135.08483732832593
299.74924887678526
286.65979565857145
129.5457466539793
176.09633903727612
149.85550234079943
0
173.38487895208345
173.9405966040038
133.65670667944212
171.22293796810078
366.3340422872659
249.9804659696458
197.42999720414775
245.4550934120565
173.16602005637446
176.33077600448865
115.72284400993986
266.33270270652537
100.89795209776497
270.01024182170227
234.1988561578332
188.0749615479805
125.24692928239291
324.0949284402947
124.47355210681263
100.37402588687753
239.34524374282304
174.7303949556573
321.48740255378846
149.11077913309617
254.27810196487647
393.4640416687514
212.97711589326326
258.4493249741472
216.79380933328875
273.58813377725926
185.52328154484314
148.90311215798636
126.87342290187733
215.28821068626962
90.87264616548755
405.20278762986743
207.6150040484856
278.1204636057432
273.56217910100037
121.92321866313107
138.21383436729002
253.580119358281
53.95156960900937
221.17715537338933
102.24736423641446
92.3246040241982
172.69520991525565
203.9092406004709
315.62299441652596
164.00016760822555
46.657882421747274
47.69040495830603
333.71110454611716
139.60036614492327
125.94667790705903
225.78409101311533
371.3616991624948
133.27163739629214
212.13515501009488
60.08499369668783
115.15250013334438
183.62929221949582
168.0098944005978
92.29643826992174
63.57539853390523
188.89321473912986
208.59431690627724
186.6771799278372
109.05006593571477
312.30663848589046
165.28013704523897
180.78598379317475
297.77935465455596
40.42310377067679
181.21832573554113
221.53992276291115
393.8860583576575
156.24539985461777
226.97793137108513
245.39687709099726
353.20744335046254
181.157558043714
170.3238603600658
130.30822273644245
51.014311679810106
121.9074624375083
394.28038263490805
223.63329055801574
154.72481385732777
249.78620519503392
213.03558733115938
307.1682256455749
218.66942942468395
165.93461072541598
195.39339070245902
218.35714809205655
194.97403109498086
348.0021453524653
368.8905227305836
38.62267995732452
185.74138227481097
124.86376719842704
154.24923985938125
270.56789916430785
134.55667142985888
232.85856529597697
206.77097856463791
208.21234124991366
247.71686674077196
233.20298043615992
183.21203992730733
156.53300728878176
161.95996087046703
136.8216650010989
129.08415366884225
193.25125457605398
205.09237243814448
187.41317113976356
48.274590993298375
181.08028292692876
257.8489748789981
105.5711195334653
177.20799813896704
194.46481015463615
115.16034802760514
137.2861718844994
145.2629800692854
236.61692157110525
221.0675901854717
334.7247283221245
373.5500191839054
227.6396525411538
169.71438973735718
0
180.42311272408176
144.03991680434171
185.3643353042211
261.7733416280971
285.7117557618728
181.74998444391858
348.32193938332034
164.46983826072756
165.49461246042193
116.58999660765797
61.056766644811375
144.2520729213625
216.12159858064703
231.32362811371402
229.3104260453909
324.19826006740163
218.3410962235415
207.01172212686782
100.27183458927864
167.62546730619667
336.69232439692496
193.77280612204018
127.57791108448819
202.8257933156925
127.18206669365505
178.18171841346867
136.95079580693772
345.30210822144534
344.8531414611358
170.1050815217746
230.2742309650313
397.9219641007413
162.96294729434703
165.2482343418354
225.7332763743252
0
200.6248334407783
142.32923502384222
127.16704509930517
289.6505161375567
433.5249850539893
196.54715975999372
165.52382092767255
292.191907911989
321.4790593746107
0
233.95845160376666
199.6007936001852
82.49861243865024
391.2390164145725
8.193996748171031
288.90416563514214
328.2619782991907
0
117.1978474066095
294.5379353530847
41.16701167007767
317.46261710566307
228.48984499913269
274.1980022609403
254.52375023892387
123.54724816102498
374.0051389605933
107.64503979771033
235.37023280873493
333.93811995054676
310.9577061820711
275.31642475642127
136.7901011683836
112.46741511214834
149.72030575209462
132.57888342920407
163.46961121403328
148.51630773575056
169.1166970261405
235.87898651905985
176.11688635906137
200.06084199542485
328.45529234803377
153.3142070550722
200.75964437589244
209.98214594577405
135.13811647479153
131.70560069947214
324.2830211453099
256.1411771665319
49.31313353468383
171.1903134898246
296.81980725352196
145.7606235840458
378.07500831702725
126.69132922098085
57.46303791298308
105.235085752827
122.17000175692802
128.68520410838192
375.3585191372404
190.12237853552057
78.10686412623858
114.03600978164843
16.878782622974796
131.7220087559158
201.49886140477076
90.18897390969846
282.5952485805736
239.27820518336108
37.422911081273014
322.0422391734093
201.1722321278398
174.89573969630578
193.56545337035524
101.44016187869683
369.1582792628448
54.51246832714111
57.33603499638704
177.31309389016815
398.8501872254225
103.84385208912414
131.7915123092664
309.4682899709553
84.24937751478735
150.12983299224393
173.3204928899412
73.55196002157007
219.8546334113467
163.09747410281506
197.09696475853272
167.91958514677913
34.59849750182343
120.93100221853521
221.01179640034226
212.4604266661433
344.53515854208206
199.8291194199893
195.5835333852871
177.95260298300758
360.88703733918214
148.44087811854502
186.16800846984646
232.67005765831328
196.11390962238454
283.1894143131273
6.8040884924089085
144.18265151593158
164.9077230735121
155.79785867700878
216.9491846611919
406.14440797847027
227.01047883690154
155.29867823778113
287.4545524427324
223.70514895808452
247.3202121743054
191.8390098257744
72.2720009391568
164.88598710494955
261.37298133804205
91.3981922107638
258.52089156807006
275.4604567237894
170.37311825580267
255.24978963226243
138.7186261236575
15.208739083092155
388.15530788372735
146.85796642803572
106.62301547619745
301.57009829323295
126.71193959701799
223.30737477668734
285.0113042369559
293.15650513148336
183.93956207434746
185.4314557021845
250.0166575067024
389.0926892853099
273.2536813894831
221.44494249199764
290.1262025249201
40.29743525332785
262.11548759977603
166.7268329500663
221.61180337326576
295.3619520211168
184.1160562697279
311.05330659111206
384.39907130606855
276.528968668407
183.2867378976485
345.8669508202889
137.02719551606472
147.44311667118353
85.69369011449383
261.1180415613638
379.23910122684623
204.83787641702384
211.92778607783134
274.17811977738677
84.21653454786076
246.57238445581064
162.13017817527336
114.49523493355878
105.54666042901896
31.96021872650104
273.1411030006117
139.12177896890068
130.78762679641756
159.8350296695695
188.60956990308725
119.36817538940085
209.06907412834383
139.98567273636593
172.34543219667913
103.02230508387296
281.93891107534625
206.8304723176719
256.1149206795477
288.85906246102195
104.38243333196323
216.37745355629275
66.53989939793578
276.74619681396086
280.72680349299776
114.76975754147584
120.95630967272034
473.3949172763925
124.90753284651171
223.2826328416377
44.20737806290501
260.1206046483377
270.4359855072968
458.794723492045
91.89937309497334
93.4036699786364
405.82233009419474
146.03442773423072
330.0756440425665
148.91478760922035
211.53055375330848
26.64067385938361
199.60957082265023
174.68871474863425
103.45327789455897
218.0788990920523
216.96892680701703
162.81121270194126
239.1729304336725
149.88104787186586
89.31665488436964
209.3292382299847
324.5503302299717
198.08231106368495
219.43009216496458
187.55315618307716
82.46355692829472
191.84380161819058
69.17698967783431
344.67099699839207
226.3188092016765
353.9653272091555
170.75460527700287
326.64912279435225
353.68036698774563
215.80735715586755
354.17817528059635
298.5579762380063
244.76835247660463
209.13323220309
274.0373748969296
165.88721384816438
186.53742382337987
114.10635082058496
376.73600842945797
174.15638640261747
149.18326438828046
140.8715523151286
138.08255176650468
77.70711154993775
268.5053492970061
263.4089891795293
234.05092037861326
105.73616803133359
128.8012048024508
214.6212074292864
135.53004090308468
78.60355245825599
263.2708621963434
177.0454560490901
165.49746706132996
224.03089539956218
280.7947442938795
197.9614884961883
128.85867167845998
351.91903630348725
31.55079151843836
272.39662782163776
78.1005270814941
358.7658878434697
153.01354795564257
281.4123600830276
215.52070142484388
251.05489965635428
287.53140893541814
116.60635063157223
191.81576905898322
230.64916642241045
219.3304078420931
245.2212112230486
246.02872032492348
140.69349116301768
175.84615242006228
159.74295726158937
191.26650853028775
112.83990538851006
265.98545749800155
143.3905557502771
66.57630924867789
217.78230436867452
338.5493057101745
251.50556395604167
57.1397433794516
287.12232257459004
194.16807463074971
273.3356292851516
247.83547142074988
224.6690986003478
227.2468713334035
266.8736097783853
172.47698110491237
88.1226647130017
264.0264751301006
101.26339943464971
259.63386151204315
346.44311733386627
99.76131707743508
85.7243064460832
121.0811651997806
140.4381480588322
248.32388545824406
212.33658435574822
73.46737370109825
133.4050240823259
272.1971189853547
157.9096482547183
183.40156305004982
0
80.63238004596249
78.45864513353196
273.9071087538191
126.31730603311686
267.1067227607122
299.0238700989397
130.38556554307485
230.6227946682188
213.66308912197636
147.8453184356809
227.93492637948037
511.62443031140475
86.30801597189513
162.15288798292306
363.5530545875332
301.8023188630806
232.44399167814788
63.78109786312024
368.86206012725984
93.94038604594977
141.63967182486505
106.16013343322972
114.91804938277629
259.4112993365598
308.68642017059767
205.33516833316253
280.8687922881731
144.96405521884205
110.20719697771254
241.63163805949122
163.80980153381063
173.20898371253614
284.8581510845987
256.06406661518656
125.3506271679298
189.74470424061258
275.09988542779234
126.40307074776176
367.5357546120302
184.35887275978513
259.59271751747247
221.83471914404342
190.06391200445378
3.503981937357878
150.52179699867878
125.60887141539312
328.0120625408075
127.5369660421131
142.65607413408688
241.64758247414474
267.9050971095837
228.69899378353927
141.3019488078895
231.26511820637376
180.17089303281264
43.82405200855192
332.64019204923426
307.3449248739817
260.54524528431807
236.71262560272692
356.39287059451624
69.44158421890145
133.75819377606618
34.08053026893401
219.81365180732848
289.84347603492114
245.2614744165217
274.60287410126205
265.6804096177126
368.4251894200203
157.137879051089
267.1624002181164
153.4337665287029
267.0271041428233
276.3051378689246
310.5798325759
105.52999765598993
229.0205248071191
53.49325416653406
305.33737824060114
197.766671610576
206.37500033856938
66.30468876202568
109.98096439692317
18.457962165601373
155.49730467407613
456.3044163418605
279.5191316273559
62.773157228213165
191.555372824259
244.8574396907162
203.2043788543985
351.9212575201916
203.66356589762978
184.59856456262395
245.45083469170694
230.04302032173553
253.52177590318698
16.74668481287702
238.4825071063955
69.87216693256028
99.73879423195893
131.07098819336687
82.52420202480322
366.49613344717625
150.68761395935405
209.14835134195457
274.7989643309537
217.53310218058297
226.80982274573668
88.67413924737649
189.55293923425913
105.91206299722616
108.77349598122821
254.76943469531267
344.8166252453794
468.9890652014591
334.10784961565247
357.89027541709527
345.3895796618223
215.80267909245845
162.82066540552754
101.04038067523973
239.45995132160462
148.64797866803332
96.93498343010506
153.1527199302883
199.4939072887856
104.70551222304191
189.05254302225256
262.1629662082381
50.68760903748051
233.68681633786025
91.66851661579881
303.15704819538144
279.0290998448941
218.46872490883501
242.2447513840671
279.2918932571958
182.73886795231425
120.15894834150909
198.55487261192272
358.7430656845213
313.13086336093795
202.28179436052898
119.6784794824318
232.63478129678572
141.96228272244392
167.44365842281366
146.16833796394
167.88470233311574
227.4271154671533
163.62791510708283
230.79397750271724
168.36380590973118
332.1703456745398
151.44150861969572
165.77447589405168
298.80961175326576
179.98577225648535
295.2690342515111
295.0509803175341
135.31956032713055
154.120016125971
297.0103381289266
200.2373048474093
47.47582343618075
149.95651155154397
192.21861347081875
305.91768724851477
72.145961932615
198.65707234846175
202.15327674005556
163.13728369744663
157.14341711336058
293.6773730292493
166.8697130438795
206.2599852631726
221.22813094480182
326.93604832285035
12.346490355111314
195.07041936532872
275.9367809686355
264.80101837304375
361.1690261769843
123.11764330686313
388.87391736735515
182.09519367273978
436.6418996420088
311.246035163217
267.02954585350426
373.22032656498243
162.3620450990724
109.96115551083065
201.06942494762248
0
160.8739721342594
327.3100587800207
207.35429281379996
59.00201315394017
164.1682225559937
65.85796870698465
188.81582095161994
254.85942556289305
368.804569561795
183.0831459524609
256.832736264415
235.0721564849729
173.03454786669755
271.47215848676564
245.46586454819538
295.92890665905696
246.51194599589428
261.9164827875662
339.18762338529757
309.6571712781986
69.2098828045327
341.3145193071981
194.0769777257328
272.69338926239504
169.43225202854538
165.67906878466488
116.99935425295604
272.9610660289888
246.19123532056827
466.5862159853957
170.84339390688723
125.86798493529828
330.3544813806892
253.41941355525762
179.37126100187047
79.88445468262569
168.80605031443972
65.61123733501373
479.04172752188833
0
379.0583095331365
73.56137361868969
173.5849475793323
239.16510933565723
209.36270849608565
204.2815441329813
110.44353132319901
289.0105957653303
134.5620680338291
285.01980265730174
268.2124505823346
211.33238340605854
239.85705245845222
119.91959401586143
235.0040323059922
255.26055394447664
75.32061485953028
152.8516247090929
373.64410726449074
30.816231191519336
229.2156276243
258.03512172318887
244.6040760640666
253.33996802738608
359.0916893765916
0
287.74369935225684
62.455397919719815
25.412497349755938
179.10845313249064
249.94964934901313
139.4000098593403
227.64126433443357
133.3351856054599
216.48667658773135
127.56969533451765
173.1957853187484
52.67325129717392
486.66476479946425
159.0321159253811
156.17120938602457
258.59472162905917
160.04780677402087
245.23553989466248
138.88436404110135
173.08343538826728
305.58101722469553
85.52588834747823
227.71472813928006
283.58866614698655
171.51228100254625
188.22978997313058
204.07585883676194
283.85527184582224
93.08808439634673
197.10797816305958
247.1027041743139
237.86071072566472
288.12608636889127
189.74259182863148
232.46298894761856
259.13742410760136
322.961033261456
256.92112082393976
63.183917098886866
218.9120740884162
150.58086312095503
189.99364590664194
330.3916451399199
185.0393269228535
36.741725240475205
117.26281027477562
291.2193198576705
291.7462504792643
56.55964178258907
393.4250334792938
380.98877904676397
396.3972867009122
144.15108920826887
305.8730856175482
332.5021682393249
282.13098427799827
256.00032110977645
205.79320412648607
75.38435665657141
364.2687561795027
192.72845843130165
207.23325861361988
193.24267826291137
289.2745358087225
147.07130295164757
235.47965620364977
195.4627461952204
258.95414938860114
278.9811059490584
72.54057254336728
114.56246742236982
344.18668437539947
249.62969992435592
282.09528903402884
191.96013792583852
77.5096840930885
97.69440353083087
221.04126580141948
241.49882918392228
203.1700949948362
334.6790476236764
182.20053654670403
172.03435226589139
178.58789628762122
66.20899624103816
262.79264130381017
242.23850494063933
150.11584177235952
119.18542208759027
247.1887218507434
272.81621831278363
233.01077999482877
250.06138675791965
286.80075843692975
137.3364629153255
59.896318795570494
262.41030903225504
127.53049479476087
103.03273079978685
386.5003472907848
412.2526304560256
210.87659999535208
163.62947932569793
97.77543154719378
118.8865222226979
318.46063628071727
314.6790943988449
0
312.6801174219887
103.78146408058042
168.6984030277426
311.471807341594
93.1236868504076
21.321711756958138
158.99402952220777
103.62457189117983
232.46605754339657
120.79350477436253
133.50152580276227
228.20654012808325
98.36637301805051
262.65151993096794
189.00876815856347
282.8278578494312
127.74103380811582
261.86017483756865
34.87953780927472
209.98032887207432
210.66934147647402
235.18194706697045
198.36809243730366
173.4199646053434
131.7989255429154
206.13699648406273
185.37459139102532
309.0537832072649
351.50748275446165
165.69824809587527
408.62300280119604
27.88210010968527
271.12125146771353
294.3759502928874
388.8636606385148
194.01015055233643
97.05787038005921
216.5622758266393
193.07478440828606
270.24567930660885
51.26527781789525
262.11048215095104
181.88376230749782
221.0921623001674
144.0072604218729
338.2204741355715
69.67927406541864
300.54971499083655
302.9613932484762
160.0660162114379
219.33210786785438
200.3678721075364
48.71348020309455
132.09961326005788
66.52935068919942
526.3577179620663
472.7805810790515
271.2652068447276
206.34525369795034
284.1375614494219
246.6308866524431
235.62112252750794
199.4111943901776
371.185234614572
104.90615859624077
253.21675648085298
35.344465725280486
179.31375196177942
267.8624326989707
217.66682260066818
48.765851864846354
275.97311700688437
199.14438394590658
126.3326511698543
144.31287450296045
274.9523540028547
319.1391502726366
173.53742295361374
465.34276729719835
148.25120371111146
227.99899300569854
390.92209546709546
282.97507217431877
306.1630818312341
143.58445542773495
261.8546383872258
104.77886087797232
283.8325942190126
330.6010432239283
68.35136940894296
134.49421569393624
298.8321595981977
157.72596344659559
131.45467282459327
306.76100088213735
285.9791279460876
204.45375134702343
109.35702980150388
92.84244972957956
24.429339863878198
152.15953447900228
260.65141293843
191.7862426771515
265.2020631408709
241.79698701630915
205.4433673440395
133.80912635359522
107.28336436594918
322.88645500643804
18.21769998051667
343.39258749788553
151.27479708380403
135.20407416616106
143.24010479485082
211.3571858386755
39.42716559871275
240.82194478862021
5.224084134390182
65.5076707878018
219.39245468671893
240.41347727344797
339.97201775681765
292.6047326365036
215.39322363755375
4.872696884926484
78.13421558742257
122.21759322805754
110.13201306604937
141.35396181526187
95.38245220791279
278.32125073540703
121.58489760258603
261.099849807327
232.47146228563722
315.6766708902268
205.74135180136474
275.7848116938291
302.22111030180264
193.40490629087748
421.8818566584147
235.75981254473052
231.82593475395257
63.22211325632992
356.7160870675175
362.4691555430943
196.84237790223028
132.50211847074826
410.0258283720816
463.3568791951447
82.12339324071823
200.12776129544153
84.59812165201186
127.65618844640481
248.4596376096256
296.3377596532186
332.3316944937551
204.67087605198807
237.53969938517
129.28115924830814
130.4439014146185
153.67427954175147
209.5754511633714
251.02304564712847
217.8192598772992
10.079891619312122
458.17259038188894
498.1401779016199
176.16721253163453
106.10084658019736
208.9770471703048
259.97524495208205
95.40631704424851
306.3639366093696
390.5903671830695
184.33901318372332
235.32178608439432
194.05480168124322
181.6451708040449
68.91322859841071
314.22134633681867
0
366.5832214712109
92.89579544801028
297.1549705778772
244.7217469906521
173.61246383820287
353.4521754019104
118.44123279855276
191.06252059165354
185.09038155457623
170.31162648395997
194.84287808700537
167.03541467891358
288.09602867176227
140.563217205052
177.2850830148406
0
52.711732044565196
0
26.621331706252818
61.64060476191827
86.2739307939128
196.73181371529733
151.4263545976637
333.941926963436
155.97834076551553
193.39553226708085
111.7198439910217
413.3631855479425
90.25936320346256
73.4867674291961
111.09800340687394
140.7537918380543
302.222990065047
107.00483212212973
167.4598912338906
0
221.54602994197506
185.2643857874126
445.9824254020544
154.72166548156343
19.480106986464705
94.4710163058772
168.66073771540312
48.799354354184885
315.5762788698469
362.55207087364306
312.9099309909061
355.62855852282496
147.70859538430247
212.21502055382476
296.8927994014094
221.84092573741532
295.32986064487415
129.81441198771927
193.89286270337823
378.62007525675267
134.25474191566738
255.89290753677233
157.02759118417626
315.63063421017296
253.18723814198165
200.29286453019674
429.1742104822466
151.7128743876593
232.2639584472328
269.90991799772337
119.73563847956439
306.93620966013737
312.0727651191786
159.96200472397547
188.85969344330925
153.03442327796023
183.89453117457853
164.08217956225513
226.79162059846024
291.72589533560824
111.99562600783091
24.40452542278203
267.50368584591456
405.9944184864445
154.08962465267348
176.44889628428928
129.29281318388306
156.93289750046213
145.8158789037788
333.2192990001637
320.5323619582259
144.39983389627508
227.9766349072238
286.15619414178
238.05132797395706
124.81309153957832
8.927107412530347
200.2015710146295
329.7570875901606
150.07485561944537
113.69214212092783
143.7851400549418
264.5315952354258
230.5516671316091
272.58873579318345
354.12511760100676
309.3352361794971
44.97933799654837
262.56101117878103
134.8771040432863
431.87004013540565
82.83152930939556
257.8299914338944
249.45704502895822
194.1686775375441
287.8649310904646
369.06273093455354
365.8437219757787
173.5565334414716
244.14644227999352
112.78390901694408
378.00207169963426
311.8526468711176
221.6816894247748
220.72839600863708
283.8092053793927
178.96697255812737
254.15944355242976
218.22240050565807
190.5146561913017
235.23347911229166
167.0572570537272
260.6442070228894
273.4456330595621
211.16060142378734
210.5491510158667
347.21529278970934
202.51223857545222
291.39227288493043
306.7126809832514
58.36938940190694
133.42482123837738
174.73247113588528
162.33267186376278
161.36163570702035
201.18010080898898
185.45858953219704
398.88189038971615
158.22456777188225
170.53734673092157
200.91852031056428
268.79455455750167
117.68658688860498
219.03568677552735
157.83243379030375
321.89349130300354
255.4419532868475
151.21040890052146
45.393770393223065
191.49617312757675
192.9092244252227
70.36107778944603
126.61628450647771
308.6286158856023
161.99422833158303
160.12875776331728
159.81402184332575
346.84363112945493
162.72866864008643
387.88537325570746
212.19507324314515
161.41777540903996
110.39036886959471
243.72980442038946
87.33276642042378
194.0125018412024
121.04604484516477
281.87152450660494
222.93850943411888
0
200.60711845541388
233.22337376970603
288.3993468424865
107.42462428357382
121.86461560992346
250.15785453919244
124.50692071049018
246.61379863105532
35.29350883398891
161.57481231377972
0
237.8313915325292
208.224632468292
0
95.69116698698672
234.80002617210218
145.9468481680252
86.86055425160295
206.39080237169492
81.91079667078264
210.73764828946648
130.59413387202667
55.819793827918915
168.6048174888424
224.66351564257783
18.582426472746363
299.9933381079353
17.392739783126302
363.1552031399911
202.86373987690658
97.1946702322484
85.90694977982555
141.038599659901
292.3042957115835
66.70110316098999
383.6028128435956
148.69831376762363
277.000602374492
16.108430007160507
50.09322952884497
177.01819226454901
214.7558708019984
39.193424994611746
217.4826127231078
324.33910625078215
268.5972877008612
109.47390263859364
208.67607761943214
250.80738213259576
286.7689717715251
255.93305047130406
0
253.92938405950338
270.8103853183657
196.61945926801698
198.55266162900512
289.9905962569606
106.57764274435418
279.64243530690067
30.181853898716184
162.70345467617517
212.3600233645203
201.95552781671742
371.60060690572163
270.3371434991705
103.30359690729564
187.89613191172185
420.447050238939
363.0489898612982
220.1685298433991
134.93309813949682
314.64598926207975
364.11221733728235
337.10333711712735
273.96681326745164
169.40485573444747
269.8971442856125
184.17686576775887
65.92099376703615
261.004838868505
76.11591952941443
115.38646029805437
176.18594553114727
340.26770783467236
162.00148283536433
253.8416717849211
185.30456789139092
182.09005614413758
128.66903112084384
196.39053486279525
125.36511234660075
164.65668351449526
204.67782401282628
61.87033535453435
0
299.2546462659203
310.5466043377056
231.98661248940317
205.30744967912284
87.97475121870279
226.75600991957518
163.70043875033016
84.05395509634236
291.5400646662605
106.03820501245526
173.89203993609152
12.668593730463726
180.86976023910424
136.88104697856778
248.5392469236334
345.88902153243293
173.84280410486144
370.58583793610524
147.22702984866092
273.9764084221582
360.94638642607333
291.1637591956164
132.97707281367275
278.60864457227234
247.8279289562224
407.72029564408626
162.32713937803413
196.04808834059696
244.78789874477064
313.70327642820854
60.2599747259637
154.12644692050478
155.21708104087313
167.64271161736121
309.6156044995557
15.895653556281673
210.7538725980259
349.6177536496193
350.9799416822971
296.10266294410695
245.16955373659982
110.43636323861446
125.6262882153334
0
215.1374651210768
147.47033928076493
417.4599013988615
393.9148481673166
59.278976167527475
385.1806358375351
206.15637986969585
85.64418176861845
411.08253212720524
251.45807817199852
98.67998271496961
74.15345435317124
183.29006287472546
250.43461869497804
4.070231071160691
118.37837143388813
293.26150400196167
211.95897784169003
324.48306552474435
93.49099880299083
176.68664958873205
237.37622314479532
171.28417634775457
341.45685133433875
161.18370070184392
102.8511711150185
224.64418742322712
310.171058806764
260.46822359909333
234.96703401160937
227.86657489087253
217.61542571655957
94.34213266213958
36.39726831288337
244.0039397335098
341.56488832770776
138.956134450566
114.62384448175379
376.77012741140123
162.61251654884364
228.04517082655894
220.50305037387687
272.19021301200814
295.4276829237358
125.40147848866194
211.5281179627557
260.63843765931637
103.09864917976182
243.21094648356188
210.6688180144155
386.30455954770036
125.96265617768464
283.9071875946446
267.9585036939994
147.17748209169906
124.3786013508029
239.44513989098937
87.44197106935758
267.69927893542155
133.45020897786526
220.11820222934907
245.01530216110208
129.92892138357882
93.35657001068118
162.33031480945715
204.32964532136543
229.49642357594303
137.68144732050555
373.8639122398243
130.09703755770636
288.7704974698818
20.696861705590322
285.201707246272
426.37775301919817
343.88881116850007
506.7906165873311
220.8534517119068
377.8843020632547
197.8744828452696
417.52428480850443
283.3715572730166
30.098168988252127
185.28262276732647
312.2031270766866
220.50717816863016
40.75103473569047
227.75196830487266
217.18032970116786
348.69623756192755
80.16942041467881
364.01391951147514
218.6410161895375
147.22216517881762
149.35537470669203
211.86625718652914
190.1144236884234
0
122.50584349729735
189.2995145320245
360.1821197903584
331.0520728643822
137.22288947508966
86.80577440873091
286.7234483149945
234.45586468199997
284.2230742140111
117.95726297748705
386.4573492992491
421.89711923834693
75.28306033092393
38.84671526577455
250.35990393093982
215.05867307450464
32.69358844315332
308.2265207817271
151.57975361903146
338.5620618364086
27.931669091808487
336.48318674112386
0
215.51089071017265
161.7258180901824
170.9096692498686
302.579354907995
103.24543705168405
156.08464769123415
189.809138772542
79.35063955836274
351.70748364935025
117.01521377029785
289.9613659205181
198.43729371802425
228.3680728586849
178.41589034546286
291.9405307703863
186.1652363083257
218.73710242755294
328.45151348427845
210.89986414260272
207.56187469705267
344.5111768459023
316.1481358919644
173.31565458539635
163.85380713222335
236.51144588102318
117.65904559064928
201.587021598398
168.18040773960064
217.1696479349756
195.32713955710793
186.4858632331393
389.30972438792685
275.3863536973555
307.1771908909429
231.59738784176704
245.06243176623235
201.2094687925671
180.03331301757473
307.2416534661669
39.59894334601276
450.033229195428
165.26434964511566
273.6023376900593
414.2634576807893
160.15801585855326
212.893639085112
354.9037310160011
303.3803544736955
235.49222423534474
259.8823241719257
215.73005026458858
101.32266587640669
350.08512733053544
263.40088076956954
259.8432670508461
76.58786436988547
114.78722770018412
205.4174113634651
68.22439657941916
197.92668090111388
294.27826828145305
350.30506943859416
244.1620756888581
109.67058781872781
217.42161799646973
297.78253950712343
91.34406913374728
296.3386555049003
245.68520511235914
213.10654913500932
261.35524002618763
213.39564425531844
239.47909589119473
27.045527766177514
36.28334771328025
178.7975405273488
175.33527759805528
183.22827164859595
220.31686604523298
285.8788643086528
202.2250250970332
108.9350190092809
347.5594019288096
103.86545932621057
163.8788251164965
166.45374513271264
94.99521997062547
299.52728393401986
298.12409241534385
190.97567742396112
157.40842061840596
251.71934974398874
191.74959268225123
47.703130819220206
207.69701496198243
242.10365962815882
149.93238952521818
19.765997113047263
336.17378368874546
27.490553613952727
204.52540220953773
198.40414094560967
225.59774039915087
170.82606572509405
256.01956564404816
481.0614714553672
291.392238586148
261.507182799724
311.01474906428746
195.87976849813873
299.89675189099256
184.45086297032842
173.33225722201598
260.6466772830401
278.90883878569
224.49867898795372
323.3528131504324
144.65644926031948
68.32757592213633
292.45244086522064
63.03521774448495
63.044017618128095
244.92298739021984
196.7050280110432
155.71313946902353
43.8244758471204
118.0698753620844
139.128824591632
355.12280482858796
205.33046624680446
397.5168562885675
285.09260328919925
329.16876203559485
171.63091469762801
200.4011140958526
168.08089710655466
207.66036530433402
212.79024297447674
266.0386327041763
230.00464882060297
373.41339876460745
288.45817957482444
243.79666262680405
96.73106743423648
318.98063605056626
323.1918194616241
189.28205372008074
162.05858845613875
125.60811169419446
254.09433638501412
278.3086641699154
0
376.2818202856535
249.0219328054565
105.50911255039162
240.5675530599293
65.25394384106289
102.43953203587523
279.27427231447797
247.17172406098902
170.82058616523656
236.3094739305321
175.50012928743297
375.0023148172145
293.33756109410064
203.78095679832484
225.85101920627147
264.21718202866657
269.47555558963603
117.17616241143365
225.226490047627
223.8705568190447
351.17236041983494
380.57162506681533
258.81756838438866
72.26937479275408
0
243.031614873653
297.0154900377473
265.0465983717904
19.890684625164397
181.58640067211394
170.9716347265419
163.73704192848848
351.2629657547085
296.4843671450225
283.9431619537037
32.80657708213778
351.4604884008063
98.68971515995975
506.77757299928373
299.3133220853942
74.40525248159841
143.28718433823903
77.2483095031967
353.48266611025144
215.05187514879344
282.9015159415013
362.54380821810736
112.82081306444792
120.67790436381364
340.05944957335265
220.6457251471464
120.99600860377878
9.465488602431009
190.59136493939516
200.86872562003936
149.83756753837008
182.04982465506322
148.36769203473446
386.85946886560214
343.71292166380636
112.30439538550621
128.55023013135383
25.317702829241853
162.6359272920318
208.6184137387312
10.187993839455231
350.8752961783564
236.11426469019852
144.2571197412163
268.59858030082546
0
289.3617158280534
169.96080881239158
267.952765858548
252.66232297755778
121.20067948265185
263.88610773706415
354.860534053041
94.72749693773419
283.23076871606366
267.0550522957943
276.9851879913981
56.579227106606936
38.38265554809999
249.4585179372058
141.7619412922511
249.85261433502237
279.44889337129115
156.3149513683149
235.61272192449408
168.998059543176
240.69642431293747
255.76192606234662
199.84731046772956
75.34518516189641
28.242267231813628
234.4511230660989
138.7104050588073
294.0282761649101
305.5297712436808
200.39082018827733
303.9264534465718
233.9253115827509
281.8525738980561
0
269.39160941226737
240.22627413241753
245.56251266210927
0
189.26425498748077
206.1806390496531
296.15790615800523
248.37081915126697
0
131.82703817444707
181.24808779925038
175.91369854338598
175.91032578953278
55.63112024324755
246.14158636202558
198.0839413633465
277.15708916335404
0
245.95163657760816
432.5662501978808
372.63127927642853
218.5565474259726
179.5686666283628
114.18700808705765
204.8460656877394
231.8908606033988
236.9882931280979
253.57732309596298
306.9184984488011
61.720793955196285
0
145.97808729218391
126.43190889892773
0
304.44035512403093
154.4289151358632
114.29052959298066
259.41323080395244
120.3334373476173
349.31708001811694
17.43079002260899
0
21.53045614767629
203.63436593157897
213.93564732115328
432.8108301289525
178.2726849070328
148.3028230967326
80.06084525634027
212.76704159561106
110.47989205375521
88.86064286159538
164.31703645542166
433.52465338259856
136.953290567321
242.82579427221313
302.20764794507227
401.514499850151
33.01195902792452
60.213311951470445
167.56921293569644
160.619002024181
211.81789101336818
270.53762867216966
276.4510264770428
305.8024134229026
76.15279294519463
245.7506642762163
326.3633435403048
89.63581786431718
235.10823715919815
229.92765981025627
264.9028667676619
252.64294214288154
243.76281937729013
0
139.18616885305335
175.3428652672068
179.41693566316576
202.1375854016798
148.97980564413285
89.74939503534387
184.4242120967097
242.63629582686576
120.16665043524159
236.40805813816692
226.47809181187205
242.61424321316596
235.5827575938139
159.11830540785303
290.80692955628774
78.5963874431176
1.042390692543023
198.0453488387667
218.32649241395308
76.6525994359295
312.89670104295794
115.39952409173142
188.39740631702716
330.6769800092585
181.63249437023512
135.82996305095975
146.3524388679976
258.07656980657873
275.08005579321275
363.9730277783332
136.58725539750233
12.874855270234065
385.2239162171643
352.06787150570335
27.070424528344546
236.25485199139823
229.8009332757439
218.4268593684448
196.7931156434694
271.0846576193918
123.3525979927117
174.5648400957805
280.4928457756588
343.140684718219
185.78643415691775
325.2751206154082
183.62101021446443
301.29452861414296
353.42872368360844
101.28302694989645
70.76045741743394
74.82787666332698
282.3467762604279
107.31877760422446
98.13205116360312
223.62790168610076
236.28175696258103
292.12788901706324
199.32991543503016
273.094925681347
152.5088930618206
240.41663446470673
366.0326770041603
2168
535.8220224633615
510.41050400982414
490.65111942963176
469.5986538666438
520.7618554229216
501.99582456249215
541.3035668594543
521.4298822968552
489.42889430518755
503.740837397219
492.4739819092314
490.4572763446115
517.90342274261
476.8268350845711
493.01716493394446
