3377.8876715268384
3377.8876715268384
3377.8876715268384
3585.104037182338
3585.104037182338
3585.104037182338
3224.1896252531724
3224.1896252531724
3224.1896252531724
3017.9194547275474
3017.9194547275474
3017.9194547275474
3166.6835660209103
3166.6835660209103
3166.6835660209103
3544.7152096167356
3544.7152096167356
3544.7152096167356
3090.15457126049
3090.15457126049
3090.15457126049
3200.947116535338
3200.947116535338
3200.947116535338
2983.427408422823
2983.427408422823
2983.427408422823
3557.4276115892794
3557.4276115892794
3557.4276115892794
3623.127204596033
3623.127204596033
3623.127204596033
2917.5295350258825
2917.5295350258825
2917.5295350258825
3350.647970889132
3350.647970889132
3350.647970889132
3396.7736268295375
3396.7736268295375
3396.7736268295375
3338.6027043855224
3338.6027043855224
3338.6027043855224
3463.545635521211
3463.545635521211
3463.545635521211
2882.6312134109085
2882.6312134109085
2882.6312134109085
3844.7354419963926
3844.7354419963926
3844.7354419963926
3591.8754672409104
3591.8754672409104
3591.8754672409104
3287.270396233951
3287.270396233951
3287.270396233951
