4513.850016071205
4513.850016071205
4513.850016071205
4513.850016071205
3887.413676381098
3887.413676381098
3887.413676381098
3887.413676381098
4591.985131271009
4591.985131271009
4591.985131271009
4591.985131271009
895.3807955610296
895.3807955610296
895.3807955610296
895.3807955610296
1156.8722985395293
1156.8722985395293
1156.8722985395293
1156.8722985395293
1145.7199552211437
1145.7199552211437
1145.7199552211437
1145.7199552211437
1212.9568735651942
1212.9568735651942
1212.9568735651942
1212.9568735651942
1256.7115841739287
1256.7115841739287
1256.7115841739287
1256.7115841739287
1196.0245961767735
1196.0245961767735
1196.0245961767735
1196.0245961767735
1272.971726744876
1272.971726744876
1272.971726744876
1272.971726744876
1166.0847439824456
1166.0847439824456
1166.0847439824456
1166.0847439824456
1265.7437510872164
1265.7437510872164
1265.7437510872164
1265.7437510872164
1269.3912844834888
1269.3912844834888
1269.3912844834888
1269.3912844834888
1136.6436408009768
1136.6436408009768
1136.6436408009768
1136.6436408009768
1056.478268141322
1056.478268141322
1056.478268141322
1056.478268141322
