2448.029227592864
2448.029227592864
2448.029227592864
4746.668829386774
4746.668829386774
4746.668829386774
5395.634111740578
5395.634111740578
5395.634111740578
1216.918966211531
1216.918966211531
1216.918966211531
4812.819385618316
4812.819385618316
4812.819385618316
935.4334960531978
935.4334960531978
935.4334960531978
1800.9439187096993
1800.9439187096993
1800.9439187096993
5074.007838135413
5074.007838135413
5074.007838135413
4904.052996366329
4904.052996366329
4904.052996366329
517.6893265217259
517.6893265217259
517.6893265217259
5197.952737534122
5197.952737534122
5197.952737534122
3113.9812928245738
3113.9812928245738
3113.9812928245738
2036.5796124982703
2036.5796124982703
2036.5796124982703
731.498735445291
731.498735445291
731.498735445291
2543.649848439075
2543.649848439075
2543.649848439075
5455.527024384039
5455.527024384039
5455.527024384039
820.031024316957
820.031024316957
820.031024316957
2702.098217651659
2702.098217651659
2702.098217651659
1271.3958699198138
1271.3958699198138
1271.3958699198138
4721.4131898487385
4721.4131898487385
4721.4131898487385
