152.2878716319966
152.2878716319966
240.12639317168208
240.12639317168208
220.86190442796754
220.86190442796754
163.40685657701442
163.40685657701442
207.73091081378604
207.73091081378604
190.83915950170058
190.83915950170058
235.2497004612327
235.2497004612327
174.7475637650471
174.7475637650471
233.82260793933725
233.82260793933725
161.61592503103378
161.61592503103378
209.90872012025199
209.90872012025199
204.95656042828455
204.95656042828455
232.6745340532542
232.6745340532542
154.18575490593017
154.18575490593017
216.3005966019493
216.3005966019493
189.83015726798337
189.83015726798337
156.4095817635403
156.4095817635403
143.70008862428358
143.70008862428358
158.6440823402257
158.6440823402257
199.5309377101123
199.5309377101123
275.91271773446624
275.91271773446624
252.87796810162837
252.87796810162837
224.2153165958285
224.2153165958285
199.48343220648366
199.48343220648366
255.32089037743833
255.32089037743833
251.01686898000457
251.01686898000457
145.448538145925
145.448538145925
173.27741797704226
173.27741797704226
143.29339149714116
143.29339149714116
191.46058316503786
191.46058316503786
