1372.8407700445982
1372.8407700445982
1372.8407700445982
1372.8407700445982
1689.0398766700298
1689.0398766700298
1689.0398766700298
1689.0398766700298
1648.416885912045
1648.416885912045
1648.416885912045
1648.416885912045
1702.7863792419432
1702.7863792419432
1702.7863792419432
1702.7863792419432
1699.5649324663887
1699.5649324663887
1699.5649324663887
1699.5649324663887
965.959588528443
965.959588528443
965.959588528443
965.959588528443
1511.4622060464717
1511.4622060464717
1511.4622060464717
1511.4622060464717
1306.0596118020617
1306.0596118020617
1306.0596118020617
1306.0596118020617
1441.4151078850025
1441.4151078850025
1441.4151078850025
1441.4151078850025
1225.3050704550278
1225.3050704550278
1225.3050704550278
1225.3050704550278
1952.6661169974814
1952.6661169974814
1952.6661169974814
1952.6661169974814
1258.8951123419138
1258.8951123419138
1258.8951123419138
1258.8951123419138
1504.7326222721833
1504.7326222721833
1504.7326222721833
1504.7326222721833
1731.747525584264
1731.747525584264
1731.747525584264
1731.747525584264
906.7226167506714
906.7226167506714
906.7226167506714
906.7226167506714
