199.7696759266647
199.7696759266647
199.7696759266647
199.7696759266647
199.7696759266647
122.6028250507121
122.6028250507121
122.6028250507121
122.6028250507121
122.6028250507121
147.2777280744316
147.2777280744316
147.2777280744316
147.2777280744316
147.2777280744316
129.36075870811067
129.36075870811067
129.36075870811067
129.36075870811067
129.36075870811067
223.8224094255808
223.8224094255808
223.8224094255808
223.8224094255808
223.8224094255808
267.77970838354327
267.77970838354327
267.77970838354327
267.77970838354327
267.77970838354327
219.26699570649822
219.26699570649822
219.26699570649822
219.26699570649822
219.26699570649822
307.6666205892125
307.6666205892125
307.6666205892125
307.6666205892125
307.6666205892125
282.52001345442415
282.52001345442415
282.52001345442415
282.52001345442415
282.52001345442415
322.84308156355365
322.84308156355365
322.84308156355365
322.84308156355365
322.84308156355365
136.55529188346503
136.55529188346503
136.55529188346503
136.55529188346503
136.55529188346503
250.28368448789138
250.28368448789138
250.28368448789138
250.28368448789138
250.28368448789138
