571.4109152266287
571.4109152266287
571.4109152266287
1207.6340331281167
1207.6340331281167
1207.6340331281167
1207.6340331281167
5299.744777163919
5299.744777163919
5299.744777163919
5299.744777163919
3871.6033046709335
3871.6033046709335
3871.6033046709335
3871.6033046709335
6060.005184891477
6060.005184891477
6060.005184891477
6060.005184891477
1971.3257116790105
1971.3257116790105
1971.3257116790105
1971.3257116790105
5026.428154321107
5026.428154321107
5026.428154321107
5026.428154321107
4424.082215986992
4424.082215986992
4424.082215986992
4424.082215986992
3853.3054922981205
3853.3054922981205
3853.3054922981205
3853.3054922981205
423.82563383433035
423.82563383433035
423.82563383433035
423.82563383433035
1962.7508083133623
1962.7508083133623
1962.7508083133623
1962.7508083133623
3662.460510058474
3662.460510058474
3662.460510058474
3662.460510058474
5286.973140851551
5286.973140851551
5286.973140851551
5286.973140851551
4814.232528817374
4814.232528817374
4814.232528817374
4814.232528817374
3350.278595046016
3350.278595046016
3350.278595046016
3350.278595046016
5155.398121319337
