1898.2957861667535
1898.2957861667535
1898.2957861667535
1898.2957861667535
1900.8323954548011
1900.8323954548011
1900.8323954548011
1900.8323954548011
1980.4406693210085
1980.4406693210085
1980.4406693210085
1980.4406693210085
2440.014517042129
1112.3330039722912
1112.3330039722912
1112.3330039722912
1112.3330039722912
1135.7273502906046
1135.7273502906046
1135.7273502906046
1135.7273502906046
1063.919444930202
1063.919444930202
1063.919444930202
1063.919444930202
1262.2475508228458
1262.2475508228458
1262.2475508228458
1262.2475508228458
1315.006415306891
1315.006415306891
1315.006415306891
1315.006415306891
1036.1988048344
1036.1988048344
1036.1988048344
1036.1988048344
1093.3112037699227
1093.3112037699227
1093.3112037699227
1093.3112037699227
1282.2088430696986
1282.2088430696986
1282.2088430696986
1282.2088430696986
1029.9844633710761
1029.9844633710761
1029.9844633710761
1029.9844633710761
994.857319671282
994.857319671282
994.857319671282
994.857319671282
1052.0809519296522
1052.0809519296522
1052.0809519296522
1052.0809519296522
1147.3203705021704
208.0884570008373
208.0884570008373
