4359.665340671672
4359.665340671672
4359.665340671672
4359.665340671672
4359.665340671672
4130.695363368966
4130.695363368966
4130.695363368966
4130.695363368966
4130.695363368966
5563.46480066851
5563.46480066851
5563.46480066851
5563.46480066851
5563.46480066851
4706.983651851507
4706.983651851507
4706.983651851507
4706.983651851507
4706.983651851507
3330.719822515103
3330.719822515103
3330.719822515103
3330.719822515103
3330.719822515103
5736.290820771557
5736.290820771557
5736.290820771557
5736.290820771557
5736.290820771557
2858.346060995612
2858.346060995612
2858.346060995612
2858.346060995612
2858.346060995612
3226.3807497390544
3226.3807497390544
3226.3807497390544
3226.3807497390544
3226.3807497390544
3262.3896691216028
3262.3896691216028
3262.3896691216028
3262.3896691216028
3262.3896691216028
2862.9698164042857
2862.9698164042857
2862.9698164042857
2862.9698164042857
2862.9698164042857
2976.909864028333
2976.909864028333
2976.909864028333
2976.909864028333
2976.909864028333
5019.662005376613
5019.662005376613
5019.662005376613
5019.662005376613
5019.662005376613
