1881.240667134019
1881.240667134019
1881.240667134019
2177.9500760109104
2177.9500760109104
2177.9500760109104
1917.2394258366003
1917.2394258366003
1917.2394258366003
2049.1887028602227
2049.1887028602227
2049.1887028602227
2029.144284546961
2029.144284546961
2029.144284546961
1878.234494418032
1878.234494418032
1878.234494418032
2124.6640349800273
2124.6640349800273
2124.6640349800273
1657.2896375893847
1657.2896375893847
1657.2896375893847
2018.5084177662754
2018.5084177662754
2018.5084177662754
2117.0753087588455
2117.0753087588455
2117.0753087588455
1935.9480072957958
1935.9480072957958
1935.9480072957958
1874.179112133556
1874.179112133556
1874.179112133556
2072.5540880969634
2072.5540880969634
2072.5540880969634
1834.6418889014844
1834.6418889014844
1834.6418889014844
1911.4135167590873
1911.4135167590873
1911.4135167590873
2133.3744122335884
2133.3744122335884
2133.3744122335884
1686.250125744845
1686.250125744845
1686.250125744845
1799.3974193800816
1799.3974193800816
1799.3974193800816
2070.022514977232
2070.022514977232
2070.022514977232
1979.8260610340785
1979.8260610340785
1979.8260610340785
