995.152508335993
995.152508335993
995.152508335993
995.152508335993
633.7977176002057
633.7977176002057
633.7977176002057
633.7977176002057
2323.686335168608
2323.686335168608
2323.686335168608
2323.686335168608
1458.0950442456724
1458.0950442456724
1458.0950442456724
1458.0950442456724
2232.313282180594
2232.313282180594
2232.313282180594
2232.313282180594
2603.7146249136185
2603.7146249136185
2603.7146249136185
2603.7146249136185
1534.2002456956106
1534.2002456956106
1534.2002456956106
1534.2002456956106
2073.2324531090107
2073.2324531090107
2073.2324531090107
2073.2324531090107
3050.1577840316863
3050.1577840316863
3050.1577840316863
3050.1577840316863
1911.8824042958963
1911.8824042958963
1911.8824042958963
1911.8824042958963
2129.20745326554
2129.20745326554
2129.20745326554
2129.20745326554
1803.8727149766444
1803.8727149766444
1803.8727149766444
1803.8727149766444
3939.945331138837
3939.945331138837
3939.945331138837
3939.945331138837
2349.342060809298
2349.342060809298
2349.342060809298
2349.342060809298
1949.7377029882612
1949.7377029882612
1949.7377029882612
1949.7377029882612
