582.5193835767568
582.5193835767568
582.5193835767568
276.2699396757226
276.2699396757226
276.2699396757226
539.0909113137825
539.0909113137825
539.0909113137825
893.3320489748095
893.3320489748095
893.3320489748095
584.4533192552176
584.4533192552176
584.4533192552176
608.2511812868937
608.2511812868937
608.2511812868937
983.8702920734036
983.8702920734036
983.8702920734036
315.70754671030204
315.70754671030204
315.70754671030204
719.9370581241179
719.9370581241179
719.9370581241179
910.0240437859875
910.0240437859875
910.0240437859875
507.8535033853203
507.8535033853203
507.8535033853203
747.8689438755524
747.8689438755524
747.8689438755524
915.359181844916
915.359181844916
915.359181844916
613.8364064086797
613.8364064086797
613.8364064086797
287.08489454459567
287.08489454459567
287.08489454459567
596.3283296905761
596.3283296905761
596.3283296905761
374.1801743099954
374.1801743099954
374.1801743099954
779.7079110873668
779.7079110873668
779.7079110873668
848.7837032137786
848.7837032137786
848.7837032137786
905.4906673144665
905.4906673144665
905.4906673144665
