4307.542434226066
4307.542434226066
4307.542434226066
1478.6431180255136
1478.6431180255136
1478.6431180255136
3873.253088927001
3873.253088927001
3873.253088927001
1769.7277537818632
1769.7277537818632
819.7176078221257
819.7176078221257
819.7176078221257
2079.0776939964526
2079.0776939964526
2079.0776939964526
1600.0362498350964
1600.0362498350964
1600.0362498350964
67.03140962515113
67.03140962515113
1555.5927940921163
1555.5927940921163
928.1779002703013
928.1779002703013
928.1779002703013
678.8247124528297
678.8247124528297
678.8247124528297
1153.2935912321614
1153.2935912321614
1153.2935912321614
0.1
0.1
0.1
813.1160186547554
813.1160186547554
813.1160186547554
620.2407534108436
620.2407534108436
620.2407534108436
777.9305083214211
777.9305083214211
777.9305083214211
587.343091778764
587.343091778764
587.343091778764
818.4205564329193
818.4205564329193
818.4205564329193
504.6737689671983
504.6737689671983
504.6737689671983
788.5441838333455
788.5441838333455
788.5441838333455
412.66865545444176
412.66865545444176
412.66865545444176
