7099.417170318602
7099.417170318602
7099.417170318602
7099.417170318602
4157.843999242038
4157.843999242038
4157.843999242038
4157.843999242038
3573.152504302327
3573.152504302327
3573.152504302327
3573.152504302327
2237.0813217436294
2237.0813217436294
2237.0813217436294
2237.0813217436294
4780.253864005136
4780.253864005136
4780.253864005136
4780.253864005136
2969.432739498207
2969.432739498207
2969.432739498207
2969.432739498207
4833.9434218492015
4833.9434218492015
4833.9434218492015
4833.9434218492015
6764.511475944812
6764.511475944812
6764.511475944812
6764.511475944812
4151.478694550371
4151.478694550371
4151.478694550371
4151.478694550371
3627.2326673662287
3627.2326673662287
3627.2326673662287
3627.2326673662287
3962.381144710404
3962.381144710404
3962.381144710404
3962.381144710404
1055.978095265274
1055.978095265274
1055.978095265274
1055.978095265274
4316.122475295519
4316.122475295519
4316.122475295519
4316.122475295519
3529.9967421634183
3529.9967421634183
3529.9967421634183
3529.9967421634183
2343.9689781335264
2343.9689781335264
2343.9689781335264
2343.9689781335264
