1721.0051749139027
1721.0051749139027
1721.0051749139027
2260.4942419413746
2260.4942419413746
2260.4942419413746
2323.533020298487
2323.533020298487
2323.533020298487
2156.606390699743
2156.606390699743
2156.606390699743
1790.7424907461154
1790.7424907461154
1790.7424907461154
1992.0638378434705
1992.0638378434705
1992.0638378434705
1608.5739077734227
1608.5739077734227
1608.5739077734227
2391.5064441996883
2391.5064441996883
2391.5064441996883
1899.5896135955456
1899.5896135955456
1899.5896135955456
2627.502416817974
2627.502416817974
2627.502416817974
1910.3156509973926
1910.3156509973926
1910.3156509973926
2031.0192605734558
2031.0192605734558
2031.0192605734558
1822.1211542734775
1822.1211542734775
1822.1211542734775
2263.504977772666
2263.504977772666
2263.504977772666
1903.027583439155
1903.027583439155
1903.027583439155
2270.4870927107886
2270.4870927107886
2270.4870927107886
1932.6334099766984
1932.6334099766984
1932.6334099766984
2062.849667229069
2062.849667229069
3985.7909128825704
3985.7909128825704
3985.7909128825704
3521.8445627556
3521.8445627556
3521.8445627556
3686.7432993647644
