1331.4602927966891
1331.4602927966891
2011.71634315559
2011.71634315559
2725.36180330948
2725.36180330948
1178.8685157552768
1178.8685157552768
2041.6855902028954
2041.6855902028954
2462.208036198068
2462.208036198068
2576.5724256239755
2576.5724256239755
2566.272245974153
2566.272245974153
2206.349938196453
2206.349938196453
1587.8068621903994
1587.8068621903994
1942.2142463063865
1942.2142463063865
1876.8521314925279
1876.8521314925279
2077.7993113692955
2077.7993113692955
1583.6645227659133
1583.6645227659133
2939.5420930213104
2939.5420930213104
2670.224365709232
2670.224365709232
1924.0604160332116
1924.0604160332116
1456.3122553186688
1456.3122553186688
764.5380921721448
764.5380921721448
1709.324361377393
1709.324361377393
1813.3538096518748
1813.3538096518748
1300.7261090484756
1300.7261090484756
2522.4596022057244
2522.4596022057244
1040.088765604467
1040.088765604467
2048.29995265258
2048.29995265258
2229.562277114488
2229.562277114488
1762.0107575032976
1762.0107575032976
1180.0997951302024
1180.0997951302024
1088.499622853405
1088.499622853405
848.3712049247895
848.3712049247895
