1567.8917308645264
1567.8917308645264
1567.8917308645264
1567.8917308645264
1137.1080539233576
1137.1080539233576
1137.1080539233576
1137.1080539233576
1736.2290370231353
1736.2290370231353
1736.2290370231353
1736.2290370231353
1961.5846437834532
2798.7862457957467
2798.7862457957467
2798.7862457957467
2798.7862457957467
5134.640196996469
5134.640196996469
5134.640196996469
5134.640196996469
5875.626948683474
5875.626948683474
5875.626948683474
5875.626948683474
3375.94346733727
3375.94346733727
3375.94346733727
3375.94346733727
4143.3245295996485
4143.3245295996485
4143.3245295996485
4143.3245295996485
4140.826444597265
4140.826444597265
2517.978795606325
2517.978795606325
2517.978795606325
2517.978795606325
2898.3880914236333
2898.3880914236333
2898.3880914236333
2898.3880914236333
3821.959158872928
3821.959158872928
3821.959158872928
3821.959158872928
2398.5071982507807
2398.5071982507807
2398.5071982507807
2398.5071982507807
879.6865557786767
879.6865557786767
879.6865557786767
879.6865557786767
713.5295339575971
713.5295339575971
713.5295339575971
713.5295339575971
401.117291681412
