2433.0648410097465
2433.0648410097465
7150.487497004146
7150.487497004146
5291.062733727271
5291.062733727271
4056.063973409755
4056.063973409755
5089.572115640745
5089.572115640745
5704.426799288769
5704.426799288769
5200.872321496598
5200.872321496598
5861.648663212258
5861.648663212258
925.8796511417552
925.8796511417552
1998.360382500538
1998.360382500538
733.810489434268
733.810489434268
2048.6538794236753
2048.6538794236753
1036.7838202613616
1036.7838202613616
424.1207828264414
424.1207828264414
348.96827205689124
348.96827205689124
1454.1654250703493
1454.1654250703493
2153.462463358511
2153.462463358511
1099.7473210186815
1099.7473210186815
2153.016176131763
2153.016176131763
1171.6108980479778
1171.6108980479778
1936.297323736228
1936.297323736228
2615.4122955065977
2615.4122955065977
2071.2571718474746
2071.2571718474746
1263.553705834408
1263.553705834408
1282.7713886500374
1282.7713886500374
2170.36940843333
2170.36940843333
965.7051649667137
965.7051649667137
3164.7588380655566
3164.7588380655566
5287.757867226912
5287.757867226912
2460.6827323101716
2460.6827323101716
