2600.8340896082314
2600.8340896082314
2085.8049340384796
2085.8049340384796
2018.7529483999585
2018.7529483999585
1724.202050652132
1724.202050652132
1925.8146558022418
1925.8146558022418
1759.686310624421
1759.686310624421
1822.421222281375
1822.421222281375
1849.8365391551008
1849.8365391551008
2446.421616670554
2446.421616670554
2521.086028668858
2521.086028668858
1613.442280748692
1613.442280748692
1178.545308067886
1178.545308067886
2070.5249168584473
2070.5249168584473
2109.3009766792507
2109.3009766792507
1815.250192881964
1815.250192881964
2081.1415397044602
2081.1415397044602
1470.5760690359189
1470.5760690359189
1972.0052216714446
1972.0052216714446
1729.854327846997
1729.854327846997
1960.8871222935793
1960.8871222935793
2067.7386669376615
2067.7386669376615
1741.4890528013657
1741.4890528013657
2162.8822358458665
2162.8822358458665
2139.4663620155843
2139.4663620155843
987.0971865127565
987.0971865127565
2970.7725502460644
2970.7725502460644
1804.6398675710982
1804.6398675710982
2331.5367631944664
2331.5367631944664
1517.768761083258
1517.768761083258
1948.5940595045302
1948.5940595045302
