1349.927832670439
1349.927832670439
1349.927832670439
1685.680293372978
1685.680293372978
1685.680293372978
1844.6378643940202
1844.6378643940202
1844.6378643940202
1671.1440478781763
1671.1440478781763
1671.1440478781763
1757.6806148779472
1757.6806148779472
1757.6806148779472
1552.7231102692842
1552.7231102692842
1552.7231102692842
1322.3753569718726
1322.3753569718726
1322.3753569718726
1457.6347751931162
1457.6347751931162
1457.6347751931162
1644.2917976689307
1644.2917976689307
1644.2917976689307
4660.548723278482
4660.548723278482
4660.548723278482
4079.4550237596254
4079.4550237596254
4079.4550237596254
3534.4377657187943
3534.4377657187943
3534.4377657187943
3822.9133848984293
3822.9133848984293
3822.9133848984293
3364.2167864022513
3364.2167864022513
3364.2167864022513
1700.1273364109265
1700.1273364109265
1700.1273364109265
1575.5796249868997
1575.5796249868997
1575.5796249868997
1429.4198297332166
1429.4198297332166
1429.4198297332166
1997.3934524095146
1997.3934524095146
1997.3934524095146
1510.6998136344444
1510.6998136344444
1510.6998136344444
1259.7038292775296
1259.7038292775296
1259.7038292775296
