3945.779022454315
3945.779022454315
3945.779022454315
3945.779022454315
3945.779022454315
3931.3003786034037
3931.3003786034037
3931.3003786034037
3931.3003786034037
1024.9456283197596
1024.9456283197596
1024.9456283197596
1024.9456283197596
1024.9456283197596
1089.5908738873766
1089.5908738873766
1089.5908738873766
1089.5908738873766
1498.8178242790018
1498.8178242790018
1498.8178242790018
1498.8178242790018
1498.8178242790018
1728.309255177808
1728.309255177808
1728.309255177808
1728.309255177808
1728.309255177808
1539.2117946075778
1539.2117946075778
1539.2117946075778
1539.2117946075778
1539.2117946075778
1449.0115886225938
1449.0115886225938
1449.0115886225938
1449.0115886225938
1449.0115886225938
1785.483365175887
1785.483365175887
1785.483365175887
4407.855989784086
4407.855989784086
4407.855989784086
4407.855989784086
4407.855989784086
3765.3137922039623
3765.3137922039623
3765.3137922039623
3765.3137922039623
3765.3137922039623
3728.6204341637495
3728.6204341637495
3728.6204341637495
3728.6204341637495
3728.6204341637495
4063.6998353213203
4063.6998353213203
3367.641452177409
3367.641452177409
