3268.2937878392604
3268.2937878392604
3268.2937878392604
3268.2937878392604
3268.2937878392604
2068.88558466031
2068.88558466031
2068.88558466031
2068.88558466031
2068.88558466031
2820.92315084664
2820.92315084664
2820.92315084664
2820.92315084664
2820.92315084664
4381.957142763637
4381.957142763637
4381.957142763637
4381.957142763637
4381.957142763637
4118.905660078772
4118.905660078772
4118.905660078772
4118.905660078772
4118.905660078772
3288.6347293971767
3288.6347293971767
3288.6347293971767
3288.6347293971767
3288.6347293971767
4003.930202826412
4003.930202826412
4003.930202826412
4003.930202826412
4003.930202826412
2712.9919389184633
2712.9919389184633
2712.9919389184633
2712.9919389184633
2712.9919389184633
3339.291720855239
3339.291720855239
919.5887565581486
919.5887565581486
919.5887565581486
919.5887565581486
919.5887565581486
953.0049576720061
953.0049576720061
953.0049576720061
953.0049576720061
953.0049576720061
1118.4991788749967
1118.4991788749967
1118.4991788749967
1118.4991788749967
1118.4991788749967
22.91311492628006
22.91311492628006
22.91311492628006
