1310.3501715064428
1310.3501715064428
1302.9271642277915
1302.9271642277915
1181.3119116118248
1181.3119116118248
1153.586394625106
1153.586394625106
1939.4133631195853
1939.4133631195853
2098.0579801500444
2098.0579801500444
2334.513494972837
2334.513494972837
1438.3724706537764
1438.3724706537764
1593.9055260618738
1593.9055260618738
1981.729597627186
1981.729597627186
2113.897852472788
2113.897852472788
1748.7727569015096
1748.7727569015096
4675.722129247182
4675.722129247182
3364.9717672139514
3364.9717672139514
1699.2407673257883
1699.2407673257883
4055.147947954989
4055.147947954989
2972.122909537595
2972.122909537595
4078.3365554455954
4078.3365554455954
3152.77806224816
3152.77806224816
4028.5079669280385
4028.5079669280385
4614.841323085882
4614.841323085882
2032.7607945107675
2032.7607945107675
2206.240069383033
2206.240069383033
2033.3453240796007
2033.3453240796007
3322.0518939526614
3322.0518939526614
2438.460417010162
2438.460417010162
3749.7630543893447
3749.7630543893447
2656.5709782557506
2656.5709782557506
1827.8042272964622
1827.8042272964622
3976.721073103364
3976.721073103364
