3414.54679884696
3414.54679884696
3414.54679884696
3414.54679884696
3414.54679884696
4029.5363109197306
4029.5363109197306
4029.5363109197306
4029.5363109197306
4029.5363109197306
4250.764974071133
4250.764974071133
4250.764974071133
4250.764974071133
4250.764974071133
3487.374957215632
3487.374957215632
3487.374957215632
3487.374957215632
3487.374957215632
2887.031781547709
2887.031781547709
2887.031781547709
2887.031781547709
2887.031781547709
3791.6139816998316
3791.6139816998316
3791.6139816998316
3791.6139816998316
3791.6139816998316
3691.533681025311
3691.533681025311
3691.533681025311
3691.533681025311
3691.533681025311
3841.0707771142365
3841.0707771142365
3841.0707771142365
3841.0707771142365
3841.0707771142365
4266.6244896662165
1559.814172087584
1559.814172087584
1559.814172087584
1444.5774553247743
1444.5774553247743
1444.5774553247743
1444.5774553247743
1444.5774553247743
1972.1098227170085
1972.1098227170085
1972.1098227170085
1972.1098227170085
1972.1098227170085
4067.8556670476873
4067.8556670476873
4067.8556670476873
4067.8556670476873
4067.8556670476873
3349.0871881664984
