757.5521483448088
757.5521483448088
757.5521483448088
757.5521483448088
3809.2929288232754
3809.2929288232754
3809.2929288232754
3809.2929288232754
2549.5339948297897
3818.776926483488
3818.776926483488
3818.776926483488
3818.776926483488
3341.5363936901895
3341.5363936901895
3341.5363936901895
3341.5363936901895
3483.4765566165565
3483.4765566165565
3483.4765566165565
3483.4765566165565
2346.9640193062555
2346.9640193062555
2346.9640193062555
2346.9640193062555
553.8557795854913
553.8557795854913
553.8557795854913
553.8557795854913
1134.1649408961896
1134.1649408961896
1134.1649408961896
1577.457602105653
1577.457602105653
1577.457602105653
1577.457602105653
712.1866094703172
712.1866094703172
712.1866094703172
712.1866094703172
4111.8874136361665
4111.8874136361665
4111.8874136361665
4111.8874136361665
3290.040770818439
3290.040770818439
3290.040770818439
3290.040770818439
2935.755995977946
2935.755995977946
2935.755995977946
2935.755995977946
3994.7435492632553
3994.7435492632553
3994.7435492632553
3994.7435492632553
1938.5049086725985
1938.5049086725985
1938.5049086725985
1938.5049086725985
