1286.2919264650127
1286.2919264650127
1286.2919264650127
1286.2919264650127
3399.012610179764
3399.012610179764
3399.012610179764
3399.012610179764
4569.907791471016
4569.907791471016
4569.907791471016
4569.907791471016
5939.9410989358685
5939.9410989358685
5939.9410989358685
5939.9410989358685
6191.889538505598
6191.889538505598
6191.889538505598
6191.889538505598
6859.5688209757545
6859.5688209757545
6859.5688209757545
6859.5688209757545
5051.519098909088
5051.519098909088
5051.519098909088
5051.519098909088
3656.449004579296
540.1750839673322
540.1750839673322
540.1750839673322
540.1750839673322
808.9579844595777
808.9579844595777
808.9579844595777
808.9579844595777
625.9040123573534
625.9040123573534
625.9040123573534
625.9040123573534
1160.5044069317287
1160.5044069317287
1160.5044069317287
1160.5044069317287
870.4744348776364
870.4744348776364
870.4744348776364
870.4744348776364
918.9040396301198
918.9040396301198
918.9040396301198
918.9040396301198
380.5183922537125
380.5183922537125
380.5183922537125
380.5183922537125
476.8463714643053
476.8463714643053
476.8463714643053
