2039.2985135100773
2039.2985135100773
2039.2985135100773
2039.2985135100773
2202.4403258930893
2202.4403258930893
2202.4403258930893
2202.4403258930893
2508.9886696865533
2508.9886696865533
2508.9886696865533
2508.9886696865533
2069.988920323994
2069.988920323994
2069.988920323994
2069.988920323994
1903.2053161880226
1903.2053161880226
1903.2053161880226
1903.2053161880226
1701.5344169560635
1701.5344169560635
1701.5344169560635
1701.5344169560635
2157.5743895544415
2157.5743895544415
2157.5743895544415
2157.5743895544415
1702.1064449359912
1702.1064449359912
1702.1064449359912
1702.1064449359912
2141.025874406809
2141.025874406809
2141.025874406809
2141.025874406809
711.1349397895643
711.1349397895643
711.1349397895643
711.1349397895643
708.7344092100213
708.7344092100213
708.7344092100213
708.7344092100213
604.9329237592053
604.9329237592053
604.9329237592053
604.9329237592053
423.74398895836975
423.74398895836975
423.74398895836975
423.74398895836975
745.3481220338
745.3481220338
745.3481220338
745.3481220338
484.58767421912955
484.58767421912955
484.58767421912955
484.58767421912955
