6828.789988721877
6828.789988721877
6828.789988721877
5403.818932697108
5403.818932697108
5403.818932697108
4889.36764996764
4889.36764996764
4889.36764996764
3932.5423106043872
4297.0717079438555
4297.0717079438555
1120.1600366925645
1120.1600366925645
1120.1600366925645
900.9503632752507
900.9503632752507
900.9503632752507
732.7121057105728
732.7121057105728
732.7121057105728
986.8445799310107
986.8445799310107
986.8445799310107
1116.2544854119963
1116.2544854119963
1116.2544854119963
1070.4997616763537
1070.4997616763537
1070.4997616763537
1394.7899702839309
1394.7899702839309
1394.7899702839309
1790.8543958109522
1790.8543958109522
1790.8543958109522
487.1784968437919
487.1784968437919
487.1784968437919
1343.8850305660346
1343.8850305660346
1343.8850305660346
1325.7943286731877
1325.7943286731877
1325.7943286731877
1082.0804176767467
1082.0804176767467
1082.0804176767467
765.8959091051605
765.8959091051605
765.8959091051605
920.0390264774435
920.0390264774435
920.0390264774435
1217.084408732948
1217.084408732948
1217.084408732948
909.2934829085746
909.2934829085746
909.2934829085746
