2243.8241688808494
2243.8241688808494
1946.8063415464635
3905.0488936431084
3905.0488936431084
4064.6064326781084
4064.6064326781084
3949.7808966490816
3949.7808966490816
3562.854604046944
1553.1172320356247
1553.1172320356247
1753.8088729318679
1753.8088729318679
1627.8230009160607
1627.8230009160607
1320.0756144077905
1320.0756144077905
1867.893192112515
1867.893192112515
2101.0601538885403
2101.0601538885403
1632.4062659110882
1632.4062659110882
1499.9234807330376
1499.9234807330376
1325.8592815939683
1325.8592815939683
1557.5045089724706
1557.5045089724706
1646.1723666685825
1646.1723666685825
1659.596193787533
1659.596193787533
1589.3062644130284
1589.3062644130284
1259.0701197690685
1259.0701197690685
1223.6377481374664
592.1583707885202
592.1583707885202
579.4162783950852
579.4162783950852
579.1941683648414
579.1941683648414
655.1518280922559
655.1518280922559
674.656051984293
674.656051984293
455.6017845118703
455.6017845118703
691.665390726369
691.665390726369
738.5517860764573
738.5517860764573
587.0067521175673
587.0067521175673
575.8408331934155
575.8408331934155
676.8644741397376
