1013.3534335780463
1013.3534335780463
2896.9177529235935
2896.9177529235935
2896.9177529235935
3559.5947203238065
3559.5947203238065
3559.5947203238065
2411.5990054638614
2411.5990054638614
2411.5990054638614
3338.5853019938204
3338.5853019938204
3338.5853019938204
3098.859037738987
3098.859037738987
3098.859037738987
3249.387337204414
3249.387337204414
3249.387337204414
2408.0416736084635
2408.0416736084635
2408.0416736084635
3468.7272263086707
3468.7272263086707
3468.7272263086707
2973.3124059026263
2973.3124059026263
2973.3124059026263
1812.5660348087044
1812.5660348087044
1812.5660348087044
4655.066828340168
4655.066828340168
4655.066828340168
2671.473821043613
2671.473821043613
2671.473821043613
4220.205485645385
4220.205485645385
4220.205485645385
2106.552676113901
4164.17218243657
4164.17218243657
4164.17218243657
5536.266072450573
5536.266072450573
5536.266072450573
4660.301018203437
4660.301018203437
4660.301018203437
4658.401569720218
4658.401569720218
4658.401569720218
5134.419732749124
5134.419732749124
5134.419732749124
4517.164220995679
4517.164220995679
4517.164220995679
