2230.468054668877
2230.468054668877
2230.468054668877
2230.468054668877
2742.2410024670153
2742.2410024670153
2742.2410024670153
2742.2410024670153
3745.6294311420443
3745.6294311420443
3745.6294311420443
3745.6294311420443
1286.628676715524
1286.628676715524
1286.628676715524
1286.628676715524
1433.8022535087055
1433.8022535087055
1433.8022535087055
1433.8022535087055
4230.379988678907
4230.379988678907
4230.379988678907
4230.379988678907
2082.506166517813
2082.506166517813
2082.506166517813
2082.506166517813
4821.317139885841
4821.317139885841
4821.317139885841
4821.317139885841
2410.2346692596775
2410.2346692596775
2410.2346692596775
2410.2346692596775
3326.617660262156
3326.617660262156
3326.617660262156
3326.617660262156
3692.6328025407292
3692.6328025407292
3692.6328025407292
3692.6328025407292
909.427425523788
909.427425523788
909.427425523788
909.427425523788
1454.3434775077812
1454.3434775077812
1454.3434775077812
1454.3434775077812
913.8348803183658
913.8348803183658
913.8348803183658
913.8348803183658
143.60261766397286
143.60261766397286
143.60261766397286
143.60261766397286
