2227.6835300783064
2227.6835300783064
2227.6835300783064
2227.6835300783064
2003.4285851649952
2003.4285851649952
2003.4285851649952
2003.4285851649952
2046.0193705042918
2046.0193705042918
2046.0193705042918
2046.0193705042918
1971.5741979215607
1971.5741979215607
1971.5741979215607
1971.5741979215607
2126.7483129411116
3245.1042396051976
3245.1042396051976
3245.1042396051976
3245.1042396051976
3217.7180236427535
3217.7180236427535
3217.7180236427535
3217.7180236427535
3131.2325552408174
3131.2325552408174
3131.2325552408174
3131.2325552408174
3550.993121629932
3550.993121629932
3550.993121629932
3550.993121629932
3487.53619515255
3487.53619515255
3487.53619515255
3487.53619515255
3150.579944757557
3150.579944757557
3150.579944757557
3150.579944757557
3264.6160379178928
3264.6160379178928
3264.6160379178928
3264.6160379178928
3676.0973029139395
3676.0973029139395
3676.0973029139395
3676.0973029139395
3908.1632081717294
3908.1632081717294
3908.1632081717294
3908.1632081717294
3597.7437186054776
3597.7437186054776
3597.7437186054776
3597.7437186054776
3002.902822858528
3002.902822858528
3002.902822858528
