3597.6766355312097
3597.6766355312097
3597.6766355312097
3597.6766355312097
3597.6766355312097
3130.9234335245624
3130.9234335245624
3130.9234335245624
3130.9234335245624
3130.9234335245624
3511.86542001655
3511.86542001655
3511.86542001655
3511.86542001655
3511.86542001655
3277.35653804245
3277.35653804245
3277.35653804245
3277.35653804245
739.8258244155166
739.8258244155166
739.8258244155166
739.8258244155166
739.8258244155166
592.3491184663818
592.3491184663818
592.3491184663818
592.3491184663818
592.3491184663818
645.646224039736
645.646224039736
645.646224039736
645.646224039736
645.646224039736
680.8503350560948
680.8503350560948
680.8503350560948
680.8503350560948
680.8503350560948
753.7352441901921
753.7352441901921
753.7352441901921
753.7352441901921
753.7352441901921
672.7832185962073
672.7832185962073
672.7832185962073
672.7832185962073
672.7832185962073
550.7972777216269
550.7972777216269
550.7972777216269
550.7972777216269
550.7972777216269
682.6535761395971
682.6535761395971
682.6535761395971
682.6535761395971
682.6535761395971
652.5971887841246
