3866.2054395380096
3866.2054395380096
3866.2054395380096
3866.2054395380096
3866.2054395380096
3425.086075357131
3425.086075357131
3425.086075357131
3425.086075357131
3425.086075357131
3686.993344835994
3686.993344835994
3686.993344835994
3686.993344835994
3686.993344835994
4016.4628793763154
4016.4628793763154
4016.4628793763154
4016.4628793763154
4016.4628793763154
3903.7961215891696
3903.7961215891696
3903.7961215891696
3903.7961215891696
3903.7961215891696
3808.000936285449
3808.000936285449
3808.000936285449
3808.000936285449
3808.000936285449
4159.086667262334
4159.086667262334
4159.086667262334
4159.086667262334
4159.086667262334
3602.216071722139
3602.216071722139
3602.216071722139
3602.216071722139
3602.216071722139
3870.75599008178
3870.75599008178
3870.75599008178
3870.75599008178
3870.75599008178
3518.5857316070264
3518.5857316070264
3518.5857316070264
3518.5857316070264
3518.5857316070264
3769.384597232227
3769.384597232227
3769.384597232227
3769.384597232227
3769.384597232227
4020.9268258672205
4020.9268258672205
4020.9268258672205
4020.9268258672205
4020.9268258672205
