184.67338375698228
184.67338375698228
211.5757124804494
211.5757124804494
195.92222964730522
195.92222964730522
190.0870546158128
190.0870546158128
212.8964569580551
212.8964569580551
206.43994349397792
206.43994349397792
226.99733115424763
226.99733115424763
177.11199082170296
177.11199082170296
195.66670654629897
195.66670654629897
183.50229400065803
183.50229400065803
251.34887271430304
251.34887271430304
237.84122498232767
237.84122498232767
2720.900353093765
2720.900353093765
2666.5647338605763
2666.5647338605763
2593.1421930814236
2593.1421930814236
2840.9651738084553
2840.9651738084553
3235.1967261104255
3235.1967261104255
3307.9363228083243
3307.9363228083243
3122.864297820439
3122.864297820439
2881.339797596093
2881.339797596093
2368.935113134651
2368.935113134651
902.5735734973649
902.5735734973649
1119.7978600081076
1119.7978600081076
1186.6014291553902
1186.6014291553902
1806.2316363884252
1806.2316363884252
1379.9921016894411
1379.9921016894411
1630.0410684392018
1630.0410684392018
1517.1172079408082
1517.1172079408082
1568.2708144507799
1568.2708144507799
1552.5648940603244
1552.5648940603244
