414.1178436510944
414.1178436510944
414.1178436510944
414.1178436510944
414.1178436510944
807.7461625210696
807.7461625210696
807.7461625210696
807.7461625210696
807.7461625210696
636.5434993832736
636.5434993832736
636.5434993832736
636.5434993832736
636.5434993832736
774.132107407079
774.132107407079
774.132107407079
774.132107407079
774.132107407079
841.1521342421347
841.1521342421347
841.1521342421347
841.1521342421347
841.1521342421347
763.222622224778
763.222622224778
763.222622224778
763.222622224778
763.222622224778
455.49982699665907
455.49982699665907
455.49982699665907
455.49982699665907
455.49982699665907
598.563895721733
598.563895721733
598.563895721733
598.563895721733
598.563895721733
569.4831294474332
569.4831294474332
569.4831294474332
569.4831294474332
569.4831294474332
771.4573191010687
771.4573191010687
771.4573191010687
771.4573191010687
771.4573191010687
870.6694684500912
870.6694684500912
870.6694684500912
870.6694684500912
870.6694684500912
614.1279729785052
614.1279729785052
614.1279729785052
614.1279729785052
614.1279729785052
