5162.12604144475
5162.12604144475
5162.12604144475
5162.12604144475
5162.12604144475
4251.321052311135
4251.321052311135
4251.321052311135
4251.321052311135
4251.321052311135
2594.9207904401774
2594.9207904401774
2594.9207904401774
2594.9207904401774
2594.9207904401774
3892.322498588372
3010.8346443448427
3010.8346443448427
3010.8346443448427
3010.8346443448427
3010.8346443448427
2073.0945351103155
2073.0945351103155
2073.0945351103155
2073.0945351103155
2073.0945351103155
3460.641605857856
3460.641605857856
3460.641605857856
3460.641605857856
3460.641605857856
3085.770481829792
3085.770481829792
3085.770481829792
3085.770481829792
3085.770481829792
3320.029110835889
3320.029110835889
3320.029110835889
3320.029110835889
3320.029110835889
5193.7144951017235
5193.7144951017235
5193.7144951017235
1711.7184292240413
1711.7184292240413
1711.7184292240413
1711.7184292240413
1711.7184292240413
2142.1643746637883
2142.1643746637883
2142.1643746637883
2142.1643746637883
2142.1643746637883
1833.6797633106275
1833.6797633106275
1833.6797633106275
1833.6797633106275
1833.6797633106275
2906.1071639325824
