1497.1511963638754
1497.1511963638754
1497.1511963638754
1497.1511963638754
1497.1511963638754
1766.999645415258
1766.999645415258
1766.999645415258
1766.999645415258
1766.999645415258
1458.6098473631378
1458.6098473631378
1458.6098473631378
1458.6098473631378
1458.6098473631378
1451.219156557297
1451.219156557297
1451.219156557297
1451.219156557297
1451.219156557297
1570.4637578235697
1570.4637578235697
1570.4637578235697
1570.4637578235697
584.0811028242023
584.0811028242023
1607.7517505906308
1607.7517505906308
1607.7517505906308
1607.7517505906308
1607.7517505906308
1644.2699496472173
1644.2699496472173
1644.2699496472173
1644.2699496472173
1644.2699496472173
1529.6741318571135
1529.6741318571135
1529.6741318571135
1529.6741318571135
1529.6741318571135
1608.3149265038749
1608.3149265038749
1608.3149265038749
1608.3149265038749
1608.3149265038749
1546.061329211362
1546.061329211362
1546.061329211362
1546.061329211362
3533.1049662650694
3533.1049662650694
3533.1049662650694
3533.1049662650694
3533.1049662650694
3830.5840281080195
3830.5840281080195
3830.5840281080195
3830.5840281080195
3830.5840281080195
