1080.2550375262058
1080.2550375262058
2871.62463498552
2871.62463498552
2871.62463498552
2871.62463498552
2985.4947385043115
2985.4947385043115
2985.4947385043115
2985.4947385043115
2719.9966613314245
2719.9966613314245
2719.9966613314245
2719.9966613314245
2385.722740769582
2385.722740769582
1044.7805823033582
1044.7805823033582
1044.7805823033582
1044.7805823033582
1123.6098482750324
1123.6098482750324
1123.6098482750324
1123.6098482750324
1183.275102486496
1183.275102486496
1183.275102486496
1183.275102486496
1074.2546216758037
1074.2546216758037
1074.2546216758037
1074.2546216758037
1177.741213362865
1177.741213362865
1177.741213362865
1177.741213362865
1070.3401457831933
1070.3401457831933
1070.3401457831933
1070.3401457831933
1044.154170837522
1044.154170837522
1044.154170837522
1044.154170837522
1281.561355641479
1281.561355641479
1281.561355641479
1281.561355641479
1069.7956311890593
1069.7956311890593
1069.7956311890593
1069.7956311890593
1011.2697183930084
1011.2697183930084
1011.2697183930084
1011.2697183930084
1125.302216121422
1125.302216121422
1125.302216121422
1125.302216121422
