175.73404784293058
175.73404784293058
175.73404784293058
201.82485679307112
201.82485679307112
201.82485679307112
1818.0886633782231
1818.0886633782231
1818.0886633782231
2245.25211792767
2245.25211792767
2245.25211792767
1893.2477193920104
1893.2477193920104
1893.2477193920104
2098.099500763239
2098.099500763239
2098.099500763239
1260.6507753076255
1260.6507753076255
1260.6507753076255
1640.2268235963918
1640.2268235963918
1640.2268235963918
2505.058583174614
2505.058583174614
2505.058583174614
2344.98284623941
2344.98284623941
2344.98284623941
2214.9020827938334
2214.9020827938334
2214.9020827938334
1944.9143378826684
1944.9143378826684
1944.9143378826684
1483.6120730541008
1483.6120730541008
1483.6120730541008
1762.1902760391117
1762.1902760391117
1762.1902760391117
2368.0252018402853
2368.0252018402853
2368.0252018402853
1497.0831063355022
1497.0831063355022
1497.0831063355022
2328.9162885566047
2328.9162885566047
2328.9162885566047
1679.517454592321
1679.517454592321
1679.517454592321
1901.4439791685434
1901.4439791685434
1901.4439791685434
2305.17452865109
2305.17452865109
2305.17452865109
