1039.7881967414592
1039.7881967414592
1039.7881967414592
1039.7881967414592
1039.7881967414592
1231.5277704057971
1231.5277704057971
1231.5277704057971
1231.5277704057971
1231.5277704057971
1070.7532360438468
1070.7532360438468
1070.7532360438468
1070.7532360438468
1070.7532360438468
1759.1310346948376
1759.1310346948376
1759.1310346948376
1759.1310346948376
1759.1310346948376
1272.5709058799252
1272.5709058799252
1272.5709058799252
1272.5709058799252
1272.5709058799252
2420.4446520782258
2420.4446520782258
2996.2401792868964
2996.2401792868964
2996.2401792868964
2996.2401792868964
2996.2401792868964
2111.957986727031
2111.957986727031
2111.957986727031
2111.957986727031
2111.957986727031
1171.7298921464164
1171.7298921464164
1171.7298921464164
1171.7298921464164
1171.7298921464164
2682.5768580715603
2682.5768580715603
2682.5768580715603
2682.5768580715603
2682.5768580715603
2357.4564469566994
2357.4564469566994
2357.4564469566994
2357.4564469566994
2357.4564469566994
1231.5566493621307
1231.5566493621307
1231.5566493621307
1231.5566493621307
1231.5566493621307
2263.6927674144417
2263.6927674144417
2263.6927674144417
