2056.5590905157396
2056.5590905157396
1793.760750038388
1793.760750038388
1550.3092936214878
1550.3092936214878
1540.0110054843965
1540.0110054843965
1520.551558011009
1520.551558011009
1459.9055280313514
1459.9055280313514
2125.089693351798
2125.089693351798
1546.1617620886109
1546.1617620886109
1123.4671129202054
1123.4671129202054
2634.8135646783853
2634.8135646783853
2567.285529704286
2567.285529704286
938.297994613735
938.297994613735
1631.8698349458543
1631.8698349458543
2658.580840585552
2658.580840585552
1599.454398499027
1599.454398499027
2454.5440972302017
2454.5440972302017
2373.418037749325
2373.418037749325
1505.7056470357325
1505.7056470357325
2961.7883662304175
2961.7883662304175
1243.2949069257634
1243.2949069257634
921.8288895640744
921.8288895640744
2428.9904516225733
2428.9904516225733
1752.6241295468596
1752.6241295468596
1795.5753755803676
1795.5753755803676
1372.78606643363
1372.78606643363
2346.5311602596303
2346.5311602596303
1771.7905241318845
1771.7905241318845
2387.006659311144
2387.006659311144
2344.968555029918
2344.968555029918
2341.6760629416044
2341.6760629416044
