2909.4478368158734
2909.4478368158734
3136.181344346449
3136.181344346449
4294.601130439859
4294.601130439859
3633.2120386736374
3633.2120386736374
5046.20437496111
5046.20437496111
3554.058747619658
3554.058747619658
4562.09438080317
4562.09438080317
5260.064270536654
5260.064270536654
5876.667663087011
5876.667663087011
4865.274948010436
4865.274948010436
5072.186790150988
5072.186790150988
3477.75730054458
3477.75730054458
6986.350072026635
6986.350072026635
4209.196892882587
4209.196892882587
3482.102361093146
3482.102361093146
5794.718847823267
5794.718847823267
4441.727846324222
4441.727846324222
4301.800570842362
4301.800570842362
4345.998894461701
4345.998894461701
3810.3474451501
3810.3474451501
4698.628206315475
4698.628206315475
3535.979761481969
3535.979761481969
4643.04829729668
4643.04829729668
3949.21202027892
3949.21202027892
4482.049268223223
4482.049268223223
5084.125563348094
5084.125563348094
5948.326359659752
5948.326359659752
3639.950855651571
3639.950855651571
1746.4856732546014
1746.4856732546014
5078.40461339831
5078.40461339831
