182.11863367231788
182.11863367231788
182.11863367231788
182.11863367231788
182.11863367231788
161.89491063612184
161.89491063612184
161.89491063612184
161.89491063612184
161.89491063612184
252.6925758691373
252.6925758691373
252.6925758691373
252.6925758691373
252.6925758691373
174.1755402434692
174.1755402434692
174.1755402434692
174.1755402434692
1664.2288197534538
1664.2288197534538
1664.2288197534538
1664.2288197534538
1664.2288197534538
1799.5420683241512
1799.5420683241512
1799.5420683241512
1799.5420683241512
216.43071537393786
216.43071537393786
216.43071537393786
216.43071537393786
216.43071537393786
180.68902986816238
180.68902986816238
180.68902986816238
180.68902986816238
180.68902986816238
3669.199081022781
3669.199081022781
3669.199081022781
3669.199081022781
3669.199081022781
3352.6253634444975
3352.6253634444975
3352.6253634444975
3352.6253634444975
3352.6253634444975
3789.539760499511
3789.539760499511
3789.539760499511
3789.539760499511
3789.539760499511
3196.503728756924
3196.503728756924
3196.503728756924
3196.503728756924
3196.503728756924
3263.722623959935
3263.722623959935
