4753.189559139586
4753.189559139586
4753.189559139586
6022.962013268153
6022.962013268153
6022.962013268153
3586.139959751889
3586.139959751889
3586.139959751889
4680.402763210225
4680.402763210225
4680.402763210225
3871.631899066867
3871.631899066867
3871.631899066867
3238.5961209798443
3238.5961209798443
3238.5961209798443
2248.260547474821
2248.260547474821
2248.260547474821
1959.9521458221604
1959.9521458221604
1959.9521458221604
2605.9273339989695
2605.9273339989695
2605.9273339989695
2002.4117126411495
2002.4117126411495
2002.4117126411495
3430.1612209572013
3430.1612209572013
3430.1612209572013
189.43674993608965
189.43674993608965
189.43674993608965
4358.040296164228
4358.040296164228
4358.040296164228
3933.1036305074244
3933.1036305074244
3933.1036305074244
3343.0387054184284
3343.0387054184284
3343.0387054184284
4242.078814410767
4242.078814410767
4242.078814410767
2552.800620491562
2552.800620491562
2552.800620491562
5115.689219658772
5115.689219658772
5115.689219658772
2517.732184854767
2517.732184854767
2517.732184854767
2195.595145737162
2195.595145737162
2195.595145737162
