338.44862110745385
338.44862110745385
405.49243696900135
405.49243696900135
174.7562970331391
174.7562970331391
398.42505799650587
398.42505799650587
204.05889578935975
204.05889578935975
357.1104617394735
357.1104617394735
142.24286190427185
142.24286190427185
201.26856171127488
201.26856171127488
60.680768791516584
60.680768791516584
215.1384429730318
215.1384429730318
1056.9588853596204
1056.9588853596204
1616.9162858423729
1616.9162858423729
1461.0336537224312
1461.0336537224312
0.1
0.1
1898.1344848363833
1898.1344848363833
1150.8920061779831
1150.8920061779831
1533.5190321367681
1533.5190321367681
335.4450379729278
335.4450379729278
1930.0686382852414
1930.0686382852414
1770.8615095046696
1770.8615095046696
924.0914192836619
924.0914192836619
1080.734559221744
1080.734559221744
1485.5997425522212
1485.5997425522212
1739.5094069853678
1739.5094069853678
1192.193349457365
1192.193349457365
2297.6446640591535
2297.6446640591535
1249.2548360163173
1249.2548360163173
2453.4348060813977
2453.4348060813977
2784.1886811516342
2784.1886811516342
1035.7746918854168
1035.7746918854168
