3410.4754674708656
3677.683983249178
3677.683983249178
3677.683983249178
5326.726019114123
5326.726019114123
5326.726019114123
2384.804282205415
2384.804282205415
2384.804282205415
2388.2195202011076
2388.2195202011076
2388.2195202011076
2449.0261090364356
2449.0261090364356
2449.0261090364356
4464.271124371668
4464.271124371668
4464.271124371668
992.7632690034284
992.7632690034284
992.7632690034284
2745.1574523437425
2745.1574523437425
2745.1574523437425
3603.3687070169017
3603.3687070169017
3603.3687070169017
2394.018717655483
2394.018717655483
2394.018717655483
5579.332737765753
5579.332737765753
5579.332737765753
2599.3149391627935
2599.3149391627935
2599.3149391627935
1780.808703754959
1780.808703754959
1780.808703754959
4647.773893769737
4647.773893769737
4647.773893769737
3123.231518758026
3123.231518758026
3123.231518758026
4971.246056215412
4971.246056215412
4971.246056215412
3353.6279031310264
3353.6279031310264
3353.6279031310264
4936.025865687507
4936.025865687507
4936.025865687507
4965.335802088876
4965.335802088876
4965.335802088876
3012.3595259842027
3012.3595259842027
