1303.0245288788337
1303.0245288788337
1303.0245288788337
1303.0245288788337
1574.2802799306364
1574.2802799306364
1574.2802799306364
1574.2802799306364
1930.878878846187
1930.878878846187
1930.878878846187
1930.878878846187
892.0326568509371
892.0326568509371
892.0326568509371
892.0326568509371
1286.349921500801
1286.349921500801
1286.349921500801
1286.349921500801
1931.3973594679428
1931.3973594679428
1931.3973594679428
1931.3973594679428
2176.809086562354
2176.809086562354
2176.809086562354
2176.809086562354
2016.4089895348743
2016.4089895348743
2016.4089895348743
2016.4089895348743
1602.9275890151575
1602.9275890151575
1602.9275890151575
1602.9275890151575
388.7261379623096
388.7261379623096
388.7261379623096
388.7261379623096
763.9928524356238
763.9928524356238
763.9928524356238
763.9928524356238
2227.6471540140474
2227.6471540140474
2227.6471540140474
2227.6471540140474
2533.116533744822
2533.116533744822
2533.116533744822
2533.116533744822
1164.4162248881435
1164.4162248881435
1164.4162248881435
1164.4162248881435
3360.2942205754484
3360.2942205754484
3360.2942205754484
3360.2942205754484
