2134.0294607000833
2134.0294607000833
1841.4553915100482
1841.4553915100482
1017.585889940605
1017.585889940605
1709.4236789412678
1709.4236789412678
1765.2705508717668
1765.2705508717668
1551.5734110164076
1551.5734110164076
1201.410560552188
1201.410560552188
1472.1614293057435
1472.1614293057435
1209.9404334437263
1209.9404334437263
1179.2457396748787
1179.2457396748787
1918.742489300321
1918.742489300321
1333.1332370455007
1333.1332370455007
2494.486346292293
2494.486346292293
1412.6197457643848
1412.6197457643848
2161.2548555473277
2161.2548555473277
1765.5156995610662
1765.5156995610662
1093.3628194758485
1093.3628194758485
1964.8887565147124
1964.8887565147124
1394.6851983010858
1394.6851983010858
497.24358657451353
497.24358657451353
1762.340785684957
1762.340785684957
1339.4699359934273
1339.4699359934273
2321.1211761527466
2321.1211761527466
1156.9237167858248
1156.9237167858248
1698.2837292453814
1698.2837292453814
1615.4836912420103
1615.4836912420103
1202.7309380419476
1202.7309380419476
1268.0667893982468
1268.0667893982468
2358.6571358770652
2358.6571358770652
1351.97638983875
1351.97638983875
