1363.2524337173031
1363.2524337173031
1363.2524337173031
1363.2524337173031
1363.2524337173031
1591.9058903719933
1591.9058903719933
1591.9058903719933
1591.9058903719933
1591.9058903719933
1842.1691135114472
1842.1691135114472
1842.1691135114472
1842.1691135114472
1842.1691135114472
1568.655090041089
1568.655090041089
1568.655090041089
1568.655090041089
1568.655090041089
1234.087786693934
1234.087786693934
1234.087786693934
1234.087786693934
1234.087786693934
1914.8310597959048
1914.8310597959048
1914.8310597959048
1914.8310597959048
1914.8310597959048
1306.972825981937
1306.972825981937
1306.972825981937
1306.972825981937
1306.972825981937
1577.6139656510884
1577.6139656510884
1577.6139656510884
1577.6139656510884
1577.6139656510884
1319.7833599753624
1319.7833599753624
1319.7833599753624
1319.7833599753624
1319.7833599753624
1272.916379711626
1272.916379711626
1272.916379711626
1272.916379711626
1272.916379711626
1630.1819950720476
1630.1819950720476
1630.1819950720476
1630.1819950720476
1630.1819950720476
1378.119202121307
1378.119202121307
1378.119202121307
1378.119202121307
1378.119202121307
