2958.6430402689857
2958.6430402689857
2783.5254774491814
2783.5254774491814
2841.220466011545
2841.220466011545
3170.978772250332
3170.978772250332
2935.8843052568886
2935.8843052568886
2968.4628450881264
2968.4628450881264
2802.1726182270177
2802.1726182270177
3038.145372851499
3038.145372851499
3312.0006369800008
3312.0006369800008
3228.801038505747
3228.801038505747
2945.8397163041955
2945.8397163041955
3075.6178176013395
3075.6178176013395
2983.2696760532563
2983.2696760532563
2473.3918181373897
2473.3918181373897
2875.0610346627677
2875.0610346627677
2848.896749073437
2848.896749073437
3232.779880290044
3232.779880290044
2639.609501331691
2639.609501331691
2912.8272758480043
2912.8272758480043
2976.1813673222855
2976.1813673222855
2740.412869012505
2740.412869012505
2826.6970980758742
2826.6970980758742
3025.5167220978515
3025.5167220978515
2787.3560873472916
2787.3560873472916
2632.363126485009
2632.363126485009
2888.339188166917
2888.339188166917
3047.23947620833
3047.23947620833
3272.2931375377348
1869.350317604807
1869.350317604807
2080.7293909106315
2080.7293909106315
2063.2558073537543
