2408.8591955110596
2408.8591955110596
2408.8591955110596
2170.158965377231
2170.158965377231
2170.158965377231
1951.824121893514
1951.824121893514
1951.824121893514
2188.1350061385847
2188.1350061385847
2188.1350061385847
2088.659757049095
2088.659757049095
2088.659757049095
2097.7902925323606
2097.7902925323606
2097.7902925323606
2051.0087303784403
2051.0087303784403
2051.0087303784403
1832.687102132687
1832.687102132687
1832.687102132687
2327.0284397604855
2327.0284397604855
2327.0284397604855
2254.7322862496258
2254.7322862496258
2254.7322862496258
1901.9095994438153
1901.9095994438153
1901.9095994438153
1900.5902653133458
1900.5902653133458
1900.5902653133458
2522.272167875696
2522.272167875696
2522.272167875696
1783.19036723638
1783.19036723638
1783.19036723638
2338.8396317605366
2338.8396317605366
2338.8396317605366
2118.0261879151753
2118.0261879151753
2118.0261879151753
1832.1395552704407
1832.1395552704407
1934.2874282332405
1934.2874282332405
1934.2874282332405
1688.5123359313059
1688.5123359313059
1688.5123359313059
1357.6143478328308
1357.6143478328308
1357.6143478328308
1476.9790928559091
