597.8169180481808
597.8169180481808
597.8169180481808
674.4004047642828
674.4004047642828
674.4004047642828
3012.679478655354
3012.679478655354
3012.679478655354
2874.454052160418
2874.454052160418
2874.454052160418
2751.8118808243544
2751.8118808243544
2751.8118808243544
3142.3238948316516
3142.3238948316516
3142.3238948316516
2621.0278002040313
2621.0278002040313
2621.0278002040313
3550.0622037291323
3550.0622037291323
3550.0622037291323
2927.6231223926347
2927.6231223926347
2927.6231223926347
2803.493485624336
1183.4808794027515
1183.4808794027515
1183.4808794027515
1130.1171599984295
1130.1171599984295
1130.1171599984295
1168.8247493203808
1168.8247493203808
1168.8247493203808
1016.3515169587686
1016.3515169587686
1016.3515169587686
1072.0740783464098
1072.0740783464098
1072.0740783464098
1163.1201297332352
1163.1201297332352
1163.1201297332352
1139.9594085028045
1139.9594085028045
1139.9594085028045
1098.308355975101
1098.308355975101
1098.308355975101
1161.5799866337225
1161.5799866337225
1161.5799866337225
1140.9340363188035
1140.9340363188035
1140.9340363188035
2931.3982202606135
2931.3982202606135
