1351.232140736261
1351.232140736261
1640.8908029603208
137.49265907393968
137.49265907393968
216.84068580957995
216.84068580957995
156.88629754580307
156.88629754580307
170.87048024874008
170.87048024874008
177.20202572020418
177.20202572020418
277.21327064726455
277.21327064726455
213.9236243527794
213.9236243527794
273.75535633387244
273.75535633387244
229.4689191163239
229.4689191163239
143.0743050714833
143.0743050714833
218.92221452251647
218.92221452251647
133.65243190109123
133.65243190109123
137.32027693705257
1798.1733425027574
1798.1733425027574
1390.0578684062111
1390.0578684062111
1647.3361739720535
1647.3361739720535
1907.0146391465753
1907.0146391465753
1783.3496499672065
1783.3496499672065
1671.597781193091
1671.597781193091
1107.0968008715915
1107.0968008715915
1075.6790713826083
1075.6790713826083
1845.6878015408502
1845.6878015408502
2129.433641965453
2129.433641965453
1666.794869907028
1666.794869907028
1502.3634769888956
1502.3634769888956
1599.4515484232124
1599.4515484232124
1555.9707937138037
1555.9707937138037
1390.9072421999035
1390.9072421999035
1979.0518246183283
1979.0518246183283
