4569.085767735563
4569.085767735563
4569.085767735563
4569.085767735563
4233.76837643018
4233.76837643018
4233.76837643018
4233.76837643018
3026.9980181121864
3026.9980181121864
3026.9980181121864
3026.9980181121864
4474.006199261231
4474.006199261231
4474.006199261231
4474.006199261231
3688.309677897325
3688.309677897325
3688.309677897325
3688.309677897325
2547.2926540792373
3987.1316367504833
3987.1316367504833
3987.1316367504833
3987.1316367504833
4468.3287580026945
4468.3287580026945
4468.3287580026945
4468.3287580026945
2784.591095058565
2784.591095058565
2784.591095058565
2784.591095058565
2769.658790700457
2769.658790700457
2769.658790700457
2769.658790700457
1676.6590590782885
1676.6590590782885
1676.6590590782885
1676.6590590782885
3465.9088402650627
3465.9088402650627
3465.9088402650627
3465.9088402650627
4304.747167965933
4304.747167965933
4304.747167965933
4304.747167965933
4092.0113344639376
4092.0113344639376
4092.0113344639376
4092.0113344639376
2091.216611826171
2091.216611826171
2091.216611826171
2091.216611826171
3880.557512963179
3880.557512963179
3880.557512963179
