2507.800692755023
2507.800692755023
2507.800692755023
2507.800692755023
2777.2480194539257
2777.2480194539257
2777.2480194539257
2777.2480194539257
2306.1505477904493
2306.1505477904493
2306.1505477904493
2306.1505477904493
2607.926244554759
2607.926244554759
2607.926244554759
2607.926244554759
2330.4302421950497
2330.4302421950497
2330.4302421950497
2330.4302421950497
2418.459603621076
2418.459603621076
2418.459603621076
2418.459603621076
625.7527108957897
625.7527108957897
625.7527108957897
625.7527108957897
624.938801592859
624.938801592859
624.938801592859
624.938801592859
661.8506625477348
661.8506625477348
661.8506625477348
661.8506625477348
589.9836206115247
589.9836206115247
589.9836206115247
589.9836206115247
673.1724335516569
673.1724335516569
673.1724335516569
673.1724335516569
621.0300871182544
621.0300871182544
621.0300871182544
621.0300871182544
611.4757355413507
611.4757355413507
611.4757355413507
611.4757355413507
709.3215854532428
709.3215854532428
709.3215854532428
709.3215854532428
618.7153925480499
618.7153925480499
618.7153925480499
189.6507824670615
