2640.975414788376
2640.975414788376
2640.975414788376
2999.9717118932153
2999.9717118932153
2999.9717118932153
1872.4057283292736
1872.4057283292736
1872.4057283292736
2010.9311673282707
2010.9311673282707
2010.9311673282707
1995.1984532664483
1995.1984532664483
1995.1984532664483
2539.5449918155455
2539.5449918155455
2539.5449918155455
2813.1040833949933
2813.1040833949933
2813.1040833949933
1498.1519929118956
1498.1519929118956
1498.1519929118956
1926.0695277430036
1926.0695277430036
1926.0695277430036
2669.3198005807103
2669.3198005807103
2669.3198005807103
3259.4363539997894
3259.4363539997894
3259.4363539997894
1965.6422473171579
1965.6422473171579
1965.6422473171579
2910.9397556747836
2910.9397556747836
2910.9397556747836
1645.9763127868955
1645.9763127868955
1645.9763127868955
2515.976113744169
2515.976113744169
2515.976113744169
1617.526022328872
1617.526022328872
1617.526022328872
3594.880058331656
3594.880058331656
3594.880058331656
2701.6245555485757
2701.6245555485757
2701.6245555485757
2591.6645777696535
2591.6645777696535
2591.6645777696535
2230.40364067379
2230.40364067379
2230.40364067379
