3630.137058984021
3630.137058984021
3630.137058984021
3818.8153344764823
3818.8153344764823
3818.8153344764823
3818.8153344764823
3818.8153344764823
2966.2973951843614
2966.2973951843614
2966.2973951843614
2966.2973951843614
2966.2973951843614
3828.6421038745225
3828.6421038745225
3828.6421038745225
3828.6421038745225
3828.6421038745225
3921.6797573212893
3921.6797573212893
3921.6797573212893
3921.6797573212893
3921.6797573212893
3372.180905114569
3372.180905114569
3372.180905114569
3372.180905114569
3372.180905114569
2917.3742726155515
2917.3742726155515
2917.3742726155515
2917.3742726155515
2917.3742726155515
3389.223856083184
3389.223856083184
3389.223856083184
3389.223856083184
3389.223856083184
3280.832978710415
3280.832978710415
3280.832978710415
3280.832978710415
3280.832978710415
3249.036767817384
3249.036767817384
3249.036767817384
3249.036767817384
3249.036767817384
3342.3337188451032
3342.3337188451032
3342.3337188451032
3342.3337188451032
3342.3337188451032
3245.433595012738
3245.433595012738
3245.433595012738
3245.433595012738
3245.433595012738
3924.860193192659
3924.860193192659
