2437.132335842648
2437.132335842648
2672.8047707658934
2672.8047707658934
2210.1460355796894
2210.1460355796894
2459.8563782189963
2459.8563782189963
2439.6692311178244
2439.6692311178244
2755.505499141244
2755.505499141244
2286.0718006581214
2286.0718006581214
2380.6567478933143
2380.6567478933143
2503.2490275430728
2503.2490275430728
2071.153084316109
2071.153084316109
2356.461290778466
2356.461290778466
2143.3637153839754
2143.3637153839754
2299.1443643521293
2299.1443643521293
2240.0173938377457
2240.0173938377457
2551.7798822868817
2551.7798822868817
2407.1557781154975
2407.1557781154975
2698.9819293333744
2698.9819293333744
2565.404985274076
2565.404985274076
2618.189813425438
2618.189813425438
2728.6882339985254
2728.6882339985254
2258.7138542377543
2258.7138542377543
2198.1004060072464
2198.1004060072464
2559.011674054672
2559.011674054672
2414.540326196303
2414.540326196303
2646.8931117760917
2646.8931117760917
2282.7222246675638
2282.7222246675638
2370.9898900024737
2370.9898900024737
2180.1899649620364
2180.1899649620364
2566.718932706772
2566.718932706772
2545.711047167531
2545.711047167531
