4187.76192622618
4187.76192622618
4187.76192622618
4187.76192622618
4187.76192622618
2471.119026351481
2471.119026351481
2471.119026351481
2471.119026351481
2471.119026351481
3341.082337753323
3341.082337753323
3341.082337753323
3341.082337753323
3341.082337753323
4566.15831375425
4566.15831375425
4566.15831375425
4566.15831375425
4566.15831375425
2618.2192243961545
2618.2192243961545
2618.2192243961545
2618.2192243961545
2618.2192243961545
3724.8606399636237
3724.8606399636237
3724.8606399636237
3724.8606399636237
3724.8606399636237
2572.35108228432
2572.35108228432
2572.35108228432
2572.35108228432
2572.35108228432
3189.965465761713
3189.965465761713
3189.965465761713
3189.965465761713
3189.965465761713
4440.145498519543
4440.145498519543
4440.145498519543
4440.145498519543
4440.145498519543
3741.805611558663
3741.805611558663
3741.805611558663
3741.805611558663
3741.805611558663
3002.1773786157537
3002.1773786157537
3002.1773786157537
3002.1773786157537
3002.1773786157537
3001.7273073223255
3001.7273073223255
3001.7273073223255
3001.7273073223255
3001.7273073223255
