622.0045324534328
622.0045324534328
622.0045324534328
622.0045324534328
282.63180838473136
282.63180838473136
282.63180838473136
282.63180838473136
904.1123481724818
904.1123481724818
904.1123481724818
904.1123481724818
556.5927804358935
556.5927804358935
556.5927804358935
556.5927804358935
595.0555770865279
595.0555770865279
595.0555770865279
595.0555770865279
258.05369620995845
258.05369620995845
258.05369620995845
258.05369620995845
705.3818068798397
705.3818068798397
705.3818068798397
705.3818068798397
605.5660180166826
605.5660180166826
605.5660180166826
605.5660180166826
511.96098783241973
511.96098783241973
511.96098783241973
511.96098783241973
982.8909951974991
982.8909951974991
982.8909951974991
982.8909951974991
657.8023465888965
657.8023465888965
657.8023465888965
657.8023465888965
938.7862064644996
938.7862064644996
938.7862064644996
938.7862064644996
1350.362004732732
1350.362004732732
1350.362004732732
1350.362004732732
590.9974558417183
590.9974558417183
590.9974558417183
590.9974558417183
503.32513448874806
503.32513448874806
503.32513448874806
503.32513448874806
