267.7653898446491
267.7653898446491
267.7653898446491
183.51177277878307
183.51177277878307
183.51177277878307
163.94860997454956
163.94860997454956
163.94860997454956
260.47459333443544
260.47459333443544
260.47459333443544
189.93100539065858
189.93100539065858
189.93100539065858
304.87760873370627
304.87760873370627
304.87760873370627
223.60863673027634
223.60863673027634
223.60863673027634
261.54865577661894
261.54865577661894
261.54865577661894
2446.9135311258133
2446.9135311258133
2446.9135311258133
4771.67185513818
4771.67185513818
4771.67185513818
2445.2929042579826
2445.2929042579826
2445.2929042579826
3433.618555021938
3433.618555021938
3433.618555021938
4502.474559778248
4502.474559778248
4502.474559778248
4336.987246216493
4336.987246216493
2226.018974149058
2226.018974149058
2226.018974149058
1918.7929814397717
1918.7929814397717
1918.7929814397717
2064.788405862798
2064.788405862798
2064.788405862798
3410.1533607396077
3410.1533607396077
3410.1533607396077
2241.1133419933317
2241.1133419933317
2241.1133419933317
2932.971381777463
2932.971381777463
2932.971381777463
3071.733759254028
