3120.1861536110778
3120.1861536110778
3120.1861536110778
2715.9194915512853
2715.9194915512853
2715.9194915512853
4434.5669504379275
4434.5669504379275
4434.5669504379275
4231.04944095433
4231.04944095433
4231.04944095433
3415.5692868812284
3415.5692868812284
3415.5692868812284
4840.756535756444
4840.756535756444
3410.8452869770363
3410.8452869770363
3410.8452869770363
4066.601687941831
4066.601687941831
4066.601687941831
3050.4434365489114
3050.4434365489114
3050.4434365489114
2861.7954723054086
2861.7954723054086
2861.7954723054086
2748.008610072588
2748.008610072588
2748.008610072588
2965.075621395038
2965.075621395038
2965.075621395038
3498.195878590326
3498.195878590326
3498.195878590326
2287.1783360004565
2287.1783360004565
2287.1783360004565
2328.184004699184
2328.184004699184
2328.184004699184
2610.036182774553
2610.036182774553
2610.036182774553
3615.6232954873767
3615.6232954873767
3615.6232954873767
3523.2145383207476
3523.2145383207476
3523.2145383207476
3832.450894784611
3832.450894784611
3099.648650463997
3099.648650463997
3099.648650463997
2726.734546535449
2726.734546535449
