2068.7121103775007
2068.7121103775007
2068.7121103775007
2068.7121103775007
2326.1700115573044
2326.1700115573044
2326.1700115573044
2326.1700115573044
1967.4145649975203
1967.4145649975203
1967.4145649975203
1967.4145649975203
1933.3796224236817
1933.3796224236817
1933.3796224236817
1933.3796224236817
2081.7410655855556
2081.7410655855556
2081.7410655855556
2081.7410655855556
3353.461135317819
3353.461135317819
3353.461135317819
3353.461135317819
2869.5654831686384
2869.5654831686384
2869.5654831686384
2869.5654831686384
2645.448524134854
2645.448524134854
2645.448524134854
2645.448524134854
2731.213418504455
2731.213418504455
956.5993250812608
956.5993250812608
956.5993250812608
956.5993250812608
850.4341904405665
850.4341904405665
850.4341904405665
850.4341904405665
681.4225070690873
681.4225070690873
681.4225070690873
681.4225070690873
379.49985251627413
379.49985251627413
379.49985251627413
379.49985251627413
971.2826354397957
971.2826354397957
971.2826354397957
971.2826354397957
851.6729698433522
851.6729698433522
851.6729698433522
851.6729698433522
776.6228005931438
776.6228005931438
