2458.2629304057377
2458.2629304057377
2458.2629304057377
2458.2629304057377
3325.6969761267255
3325.6969761267255
3325.6969761267255
3325.6969761267255
3325.6969761267255
3676.485804354023
3676.485804354023
3676.485804354023
3676.485804354023
3676.485804354023
3143.399142598546
3143.399142598546
3143.399142598546
3143.399142598546
3143.399142598546
1630.3066540438726
1630.3066540438726
1630.3066540438726
1630.3066540438726
1630.3066540438726
1722.0784332739781
1722.0784332739781
1722.0784332739781
1722.0784332739781
1722.0784332739781
1716.214940159546
1716.214940159546
1716.214940159546
1716.214940159546
1716.214940159546
1762.3897143244174
1762.3897143244174
1762.3897143244174
1762.3897143244174
1762.3897143244174
1623.9999875501392
1623.9999875501392
1623.9999875501392
1623.9999875501392
1623.9999875501392
1637.9670818807456
1637.9670818807456
1637.9670818807456
1637.9670818807456
1637.9670818807456
1509.5914547190146
1509.5914547190146
1509.5914547190146
210.44172581923817
210.44172581923817
210.44172581923817
210.44172581923817
210.44172581923817
211.98934524922922
211.98934524922922
211.98934524922922
