3723.422799859788
3723.422799859788
3723.422799859788
3723.422799859788
4407.509478953918
4407.509478953918
4407.509478953918
4407.509478953918
3341.1711602479418
3341.1711602479418
3341.1711602479418
3341.1711602479418
3824.5759742220107
3824.5759742220107
3824.5759742220107
3824.5759742220107
4236.194120889882
4236.194120889882
4236.194120889882
4236.194120889882
4439.990474833831
4439.990474833831
4439.990474833831
4439.990474833831
3230.264579401053
3230.264579401053
3230.264579401053
3230.264579401053
2762.172248956816
2762.172248956816
2762.172248956816
2762.172248956816
2893.011635203021
2893.011635203021
2893.011635203021
2893.011635203021
3133.6968033127146
3133.6968033127146
2379.8788382823523
2379.8788382823523
2379.8788382823523
2379.8788382823523
3057.7831900431747
3057.7831900431747
3057.7831900431747
3057.7831900431747
2803.462997346057
2803.462997346057
2803.462997346057
2803.462997346057
2819.149228724653
2819.149228724653
2819.149228724653
2819.149228724653
2893.610297090461
2893.610297090461
2893.610297090461
2893.610297090461
4329.177235107224
4329.177235107224
