4732.461898215906
4732.461898215906
4732.461898215906
3966.730853011289
3966.730853011289
3966.730853011289
3841.310571555981
3841.310571555981
3841.310571555981
2714.875651094859
2714.875651094859
2714.875651094859
2958.206654095308
2958.206654095308
2958.206654095308
2984.6880470162882
2984.6880470162882
2984.6880470162882
2959.1590791231365
2959.1590791231365
2959.1590791231365
3049.35757944327
3049.35757944327
3049.35757944327
2613.642373464945
2613.642373464945
2613.642373464945
2700.655749546002
2700.655749546002
2700.655749546002
3274.4043115692534
3274.4043115692534
3274.4043115692534
3033.9402498648815
3033.9402498648815
3033.9402498648815
3282.206001282236
3282.206001282236
3282.206001282236
2569.62413109457
2569.62413109457
2569.62413109457
2956.076323911309
2956.076323911309
2956.076323911309
2426.8673182345797
2426.8673182345797
2426.8673182345797
2517.623841027593
2517.623841027593
2517.623841027593
2817.078784270705
2817.078784270705
2817.078784270705
3409.8453262045655
3409.8453262045655
3409.8453262045655
3303.0464029801947
3303.0464029801947
3303.0464029801947
