3224.51639825406
3224.51639825406
3224.51639825406
3224.51639825406
1949.2450631549953
1949.2450631549953
1949.2450631549953
1949.2450631549953
298.6710554014753
298.6710554014753
298.6710554014753
298.6710554014753
7169.039811246812
7169.039811246812
7169.039811246812
7169.039811246812
3072.5051977621333
3072.5051977621333
3072.5051977621333
3072.5051977621333
5837.920989843844
5837.920989843844
5837.920989843844
5837.920989843844
6579.250606467138
6579.250606467138
6579.250606467138
6579.250606467138
949.424373415673
949.424373415673
949.424373415673
949.424373415673
971.1691215374235
971.1691215374235
971.1691215374235
971.1691215374235
1184.9067541609147
1184.9067541609147
1184.9067541609147
1184.9067541609147
6200.322691643007
6200.322691643007
6200.322691643007
6200.322691643007
5826.163928646927
5826.163928646927
5826.163928646927
5826.163928646927
4428.252992909746
4428.252992909746
4428.252992909746
4428.252992909746
6316.604273799476
6316.604273799476
6316.604273799476
6316.604273799476
6005.594812435038
6005.594812435038
6005.594812435038
6005.594812435038
