257.94115984073267
257.94115984073267
257.94115984073267
257.94115984073267
3756.403256283062
3756.403256283062
3756.403256283062
3756.403256283062
3756.403256283062
2534.929235793703
2534.929235793703
2534.929235793703
2534.929235793703
2534.929235793703
4049.2631137613243
4049.2631137613243
4049.2631137613243
4049.2631137613243
768.9834125442535
768.9834125442535
768.9834125442535
768.9834125442535
768.9834125442535
590.3686413027414
590.3686413027414
590.3686413027414
590.3686413027414
590.3686413027414
934.4749759912941
934.4749759912941
934.4749759912941
934.4749759912941
934.4749759912941
736.8292944019161
736.8292944019161
736.8292944019161
736.8292944019161
736.8292944019161
634.6941047201046
634.6941047201046
634.6941047201046
634.6941047201046
634.6941047201046
788.3826492159122
788.3826492159122
788.3826492159122
788.3826492159122
788.3826492159122
889.6254461747023
889.6254461747023
889.6254461747023
889.6254461747023
889.6254461747023
328.32088975904196
328.32088975904196
328.32088975904196
328.32088975904196
328.32088975904196
888.1476761550878
888.1476761550878
