740.3115100521754
740.3115100521754
740.3115100521754
0.1
0.1
0.1
981.2185210039734
981.2185210039734
981.2185210039734
952.5857841862728
952.5857841862728
5564.776746698615
5564.776746698615
5564.776746698615
4661.442070532093
4661.442070532093
4661.442070532093
0.1
0.1
0.1
6702.343013056177
6702.343013056177
6702.343013056177
2356.242817656629
2356.242817656629
2356.242817656629
1656.0143581080956
1656.0143581080956
1656.0143581080956
3722.8053688057985
3722.8053688057985
3722.8053688057985
2756.8405559472008
2756.8405559472008
2756.8405559472008
4060.816580932721
4060.816580932721
4060.816580932721
4061.5324485799406
4061.5324485799406
4061.5324485799406
3377.3316944764965
3377.3316944764965
3377.3316944764965
4001.588635873408
4001.588635873408
4001.588635873408
3437.08063894006
3437.08063894006
3437.08063894006
0.1
0.1
0.1
2571.680600108043
2571.680600108043
2571.680600108043
2706.7739929309055
2706.7739929309055
2706.7739929309055
3172.597092026378
