2568.3884539265246
2568.3884539265246
2568.3884539265246
2568.3884539265246
2568.3884539265246
1782.448036821832
1782.448036821832
1782.448036821832
1782.448036821832
1782.448036821832
3166.875688725263
3166.875688725263
3166.875688725263
3166.875688725263
3166.875688725263
3026.2919095045995
3026.2919095045995
3026.2919095045995
3026.2919095045995
3026.2919095045995
3245.790861456108
3245.790861456108
3245.790861456108
3245.790861456108
3245.790861456108
730.1282128282998
730.1282128282998
730.1282128282998
730.1282128282998
730.1282128282998
775.4866614517013
775.4866614517013
775.4866614517013
775.4866614517013
775.4866614517013
533.2211301817392
533.2211301817392
533.2211301817392
533.2211301817392
533.2211301817392
932.8064478844022
932.8064478844022
932.8064478844022
932.8064478844022
932.8064478844022
855.588512644366
855.588512644366
855.588512644366
855.588512644366
855.588512644366
494.55440327289995
494.55440327289995
494.55440327289995
494.55440327289995
494.55440327289995
825.8968665243608
825.8968665243608
825.8968665243608
825.8968665243608
825.8968665243608
