1373.037575230489
1373.037575230489
1373.037575230489
1373.037575230489
1373.037575230489
5728.380659800614
5728.380659800614
5728.380659800614
5728.380659800614
5728.380659800614
4596.3522911002165
4596.3522911002165
4596.3522911002165
4596.3522911002165
4596.3522911002165
6020.585196576672
6020.585196576672
6020.585196576672
6020.585196576672
6020.585196576672
3535.244030078051
3535.244030078051
3535.244030078051
3535.244030078051
3535.244030078051
2166.3565343356095
2166.3565343356095
2166.3565343356095
2166.3565343356095
2166.3565343356095
5994.041906616086
5994.041906616086
5994.041906616086
5994.041906616086
5994.041906616086
3115.903398001462
3115.903398001462
3115.903398001462
3115.903398001462
3115.903398001462
2576.3109030874625
2576.3109030874625
2576.3109030874625
2576.3109030874625
2576.3109030874625
2338.865899635524
2338.865899635524
2338.865899635524
2338.865899635524
2338.865899635524
6321.486347657952
6321.486347657952
6321.486347657952
6321.486347657952
6321.486347657952
6456.484243990981
6456.484243990981
6456.484243990981
6456.484243990981
6456.484243990981
