4246.538164117273
4246.538164117273
1912.6118156705625
1912.6118156705625
3531.062389723541
3531.062389723541
5492.238553842291
5492.238553842291
1161.3769372677677
1161.3769372677677
571.3276149351404
571.3276149351404
4192.689674671874
4192.689674671874
776.2024798611196
776.2024798611196
2922.311536974998
2922.311536974998
2606.8257871590336
2606.8257871590336
2928.0790900038965
2928.0790900038965
2856.47205548129
2856.47205548129
1081.1170331469457
1081.1170331469457
732.4470603664653
732.4470603664653
517.0780423303656
517.0780423303656
815.7538860074305
815.7538860074305
675.9327835517292
675.9327835517292
1715.971476413864
1715.971476413864
844.7439914639293
844.7439914639293
408.6134390170554
408.6134390170554
246.6038104291447
246.6038104291447
2015.6899185668753
2015.6899185668753
135.89543115828178
135.89543115828178
1267.032962105108
1267.032962105108
1649.2736322175892
1649.2736322175892
1263.9193611017422
1322.0940554170195
1322.0940554170195
305.41166496384585
305.41166496384585
1412.9701009542734
1412.9701009542734
1431.462929064236
1431.462929064236
3335.396283286387
