3597.6802215549897
3597.6802215549897
3597.6802215549897
3597.6802215549897
6607.715989462487
6607.715989462487
6607.715989462487
6607.715989462487
5132.371646880195
5132.371646880195
5132.371646880195
5132.371646880195
4831.026742495246
4831.026742495246
4831.026742495246
4831.026742495246
4510.222141149153
4510.222141149153
4510.222141149153
4510.222141149153
6094.103772088565
6094.103772088565
6094.103772088565
6094.103772088565
5665.140922258046
5665.140922258046
5665.140922258046
5665.140922258046
2081.375067819253
2081.375067819253
2081.375067819253
2081.375067819253
2405.0783655854702
2405.0783655854702
2405.0783655854702
2405.0783655854702
6002.388819260111
6002.388819260111
6002.388819260111
6002.388819260111
4073.9900699580603
4073.9900699580603
4073.9900699580603
4073.9900699580603
2964.7028653713946
2964.7028653713946
2964.7028653713946
2964.7028653713946
5339.385445859234
5339.385445859234
5339.385445859234
5339.385445859234
3256.074282627933
3256.074282627933
3256.074282627933
3256.074282627933
1660.78764028661
1660.78764028661
1660.78764028661
1660.78764028661
