2846.811400460233
2846.811400460233
2846.811400460233
2846.811400460233
2846.811400460233
1408.2870487914236
1408.2870487914236
1408.2870487914236
1408.2870487914236
1408.2870487914236
1707.1169095267157
1707.1169095267157
1707.1169095267157
1707.1169095267157
1707.1169095267157
715.1899716483912
715.1899716483912
715.1899716483912
715.1899716483912
715.1899716483912
2522.416934941726
2522.416934941726
2522.416934941726
2522.416934941726
2522.416934941726
1466.378858267496
1466.378858267496
1466.378858267496
1466.378858267496
1466.378858267496
267.8125382495348
267.8125382495348
267.8125382495348
267.8125382495348
267.8125382495348
167.4024692102439
167.4024692102439
167.4024692102439
167.4024692102439
167.4024692102439
1217.9307139983518
1217.9307139983518
1217.9307139983518
1217.9307139983518
1217.9307139983518
1847.0550830153527
1847.0550830153527
1847.0550830153527
1847.0550830153527
1847.0550830153527
1316.4963168419501
1316.4963168419501
1316.4963168419501
1316.4963168419501
1316.4963168419501
2585.2325099423906
2585.2325099423906
2585.2325099423906
2585.2325099423906
2585.2325099423906
