1004.6319784429061
1004.6319784429061
1004.6319784429061
1301.4606906762822
1301.4606906762822
1301.4606906762822
1495.007231363257
1495.007231363257
1495.007231363257
784.3335681961493
784.3335681961493
784.3335681961493
1621.6229392066439
1621.6229392066439
1621.6229392066439
1170.1974929499154
1170.1974929499154
1170.1974929499154
837.7795036898585
837.7795036898585
837.7795036898585
888.401212894952
888.401212894952
888.401212894952
1092.0274135996758
1092.0274135996758
1092.0274135996758
1108.9341908719305
1108.9341908719305
1108.9341908719305
204.4416564452646
204.4416564452646
204.4416564452646
233.45892171576736
233.45892171576736
233.45892171576736
217.60668204098977
217.60668204098977
217.60668204098977
304.67310884972676
304.67310884972676
304.67310884972676
181.39767785289726
181.39767785289726
181.39767785289726
184.73263287909154
184.73263287909154
184.73263287909154
270.78247392560013
270.78247392560013
270.78247392560013
120.30597934901454
120.30597934901454
120.30597934901454
258.0810429593275
258.0810429593275
258.0810429593275
194.25468976057996
194.25468976057996
194.25468976057996
