4160.213365106929
4160.213365106929
4160.213365106929
4160.213365106929
4160.213365106929
4710.24820926385
4710.24820926385
4710.24820926385
4710.24820926385
4710.24820926385
3767.185002403812
3767.185002403812
3767.185002403812
3767.185002403812
3767.185002403812
4308.618396537793
4308.618396537793
4308.618396537793
4308.618396537793
4308.618396537793
3328.446201186706
3328.446201186706
3328.446201186706
3328.446201186706
3328.446201186706
3183.6082568222982
3183.6082568222982
3183.6082568222982
3183.6082568222982
3183.6082568222982
6115.419738881116
6115.419738881116
6115.419738881116
6115.419738881116
6115.419738881116
4819.483463844889
4819.483463844889
4819.483463844889
4819.483463844889
4819.483463844889
6364.617965156322
6364.617965156322
6364.617965156322
6364.617965156322
6364.617965156322
2387.6463502997285
2387.6463502997285
2387.6463502997285
2387.6463502997285
2387.6463502997285
4600.667643308909
4600.667643308909
4600.667643308909
4600.667643308909
4600.667643308909
4111.001272655463
4111.001272655463
4111.001272655463
4111.001272655463
4111.001272655463
