2011.4360621587462
2011.4360621587462
1392.095013781375
1392.095013781375
2518.1112811343833
2518.1112811343833
2763.673818338956
2763.673818338956
2689.67770777097
2689.67770777097
3083.6885211463905
3083.6885211463905
3720.286680179849
3720.286680179849
2591.785757284315
2591.785757284315
3035.502267901757
3035.502267901757
2084.869160328846
2084.869160328846
2821.053341996193
2821.053341996193
1606.5125092278965
1606.5125092278965
3582.982041690074
3582.982041690074
3023.383971425987
3023.383971425987
3948.568875344777
3948.568875344777
1877.8610677691681
1877.8610677691681
3156.0161673766124
3156.0161673766124
2485.37731461553
2485.37731461553
2335.5266648239735
2335.5266648239735
2367.5310044920434
2367.5310044920434
1796.0900311693588
1796.0900311693588
3736.6020220974287
3736.6020220974287
1982.2667802945846
1982.2667802945846
2337.1535460842642
2337.1535460842642
3623.1296008713425
3623.1296008713425
3985.6814338946383
3985.6814338946383
4146.496215361173
4146.496215361173
1841.3822216937701
1841.3822216937701
2996.352293534893
2996.352293534893
3788.580966983946
3788.580966983946
