4253.130885877994
4253.130885877994
4253.130885877994
4253.130885877994
4253.130885877994
3475.3856253413246
3475.3856253413246
3475.3856253413246
3475.3856253413246
3475.3856253413246
5356.369458228079
5356.369458228079
5356.369458228079
5356.369458228079
5356.369458228079
3071.57069752547
3071.57069752547
3071.57069752547
3071.57069752547
3071.57069752547
3442.702598732581
3442.702598732581
3442.702598732581
3442.702598732581
3442.702598732581
967.5007790242271
967.5007790242271
967.5007790242271
967.5007790242271
967.5007790242271
5234.316441602427
5234.316441602427
5234.316441602427
5234.316441602427
5234.316441602427
4642.017227853432
4642.017227853432
4642.017227853432
4642.017227853432
4642.017227853432
2086.9150119052547
2086.9150119052547
2086.9150119052547
2086.9150119052547
2086.9150119052547
3549.7074311392043
3549.7074311392043
3549.7074311392043
3549.7074311392043
3549.7074311392043
3814.178086070507
3814.178086070507
3814.178086070507
3814.178086070507
3814.178086070507
4034.9332168915425
4034.9332168915425
4034.9332168915425
4034.9332168915425
4034.9332168915425
