5393.974416431791
5393.974416431791
5387.339127100579
5387.339127100579
3700.1259369889913
3700.1259369889913
4849.639163925436
4849.639163925436
2629.591780474637
2629.591780474637
2230.364652635026
2230.364652635026
2279.0090494588903
2279.0090494588903
2307.501061409261
2307.501061409261
1618.5188200311627
1618.5188200311627
1341.6054778805044
1341.6054778805044
1538.669918798762
1538.669918798762
1303.8902093736913
1303.8902093736913
1201.3449853088023
1201.3449853088023
1027.4312679058821
1027.4312679058821
1847.0570622139294
1847.0570622139294
1734.6423052430341
1734.6423052430341
1812.1109286379753
1812.1109286379753
1284.133758923475
1284.133758923475
589.5258668880499
589.5258668880499
1892.3336656375466
1892.3336656375466
1526.1128848151009
1526.1128848151009
1401.2976758969003
1401.2976758969003
1249.6683104986448
1249.6683104986448
587.1305621876222
587.1305621876222
1620.773789636051
1620.773789636051
1281.0877400098527
1281.0877400098527
1406.725861033603
1406.725861033603
1552.9011853471297
1552.9011853471297
1545.2073829992482
1545.2073829992482
1907.7432872710779
1907.7432872710779
