3163.147355564603
3163.147355564603
3163.147355564603
3163.147355564603
3072.4566454023316
3072.4566454023316
3072.4566454023316
3072.4566454023316
2906.7726346624504
2906.7726346624504
2906.7726346624504
2906.7726346624504
3139.550435925404
3139.550435925404
3139.550435925404
3139.550435925404
2913.348099052127
2913.348099052127
2913.348099052127
2913.348099052127
2951.6513770858523
2951.6513770858523
2951.6513770858523
2951.6513770858523
2946.949063693076
2946.949063693076
2946.949063693076
2946.949063693076
2765.2831227157135
2765.2831227157135
2765.2831227157135
2765.2831227157135
3505.846069608387
3505.846069608387
3505.846069608387
3505.846069608387
3664.4048965521506
3664.4048965521506
3664.4048965521506
3664.4048965521506
1268.4135816179364
1268.4135816179364
1268.4135816179364
1268.4135816179364
1150.6655150785225
1150.6655150785225
1150.6655150785225
1150.6655150785225
1042.4196612546552
1042.4196612546552
1042.4196612546552
1042.4196612546552
1077.931634870592
1077.931634870592
1077.931634870592
1077.931634870592
970.5777998086819
970.5777998086819
970.5777998086819
970.5777998086819
