1811.8955051828284
1811.8955051828284
2283.2010483910753
2283.2010483910753
2808.1797185725973
2808.1797185725973
2279.774155946378
2279.774155946378
2439.2308286701877
2439.2308286701877
2990.9697894326077
2990.9697894326077
2380.4075448048357
2380.4075448048357
1689.2401721648484
1689.2401721648484
2169.1092190979416
2169.1092190979416
1545.865070243669
1545.865070243669
2918.7775225391024
2918.7775225391024
2978.792668596749
2978.792668596749
2147.7654942661397
2147.7654942661397
2390.133689984338
2390.133689984338
3230.0546697938435
3230.0546697938435
2831.0318446896817
2831.0318446896817
2343.5000990886397
2343.5000990886397
2506.1348390473036
2506.1348390473036
2772.3323659815474
2772.3323659815474
2384.5514831781634
2384.5514831781634
2611.549895716234
2611.549895716234
3566.715372991818
3566.715372991818
3047.2224127587006
3047.2224127587006
1695.8684456024394
1695.8684456024394
2799.358838327556
2799.358838327556
2034.4289342370907
2034.4289342370907
3257.507759740318
3257.507759740318
3314.14453524779
3314.14453524779
3277.4036783863567
3277.4036783863567
2898.6931408444966
2898.6931408444966
