2133.1451060328804
2133.1451060328804
2551.3303826229103
2551.3303826229103
2281.5807990155417
2281.5807990155417
2087.516310372993
2087.516310372993
2140.788615240092
2140.788615240092
2095.04950991931
2095.04950991931
1296.7230815594107
1296.7230815594107
1992.6961047587672
1992.6961047587672
1232.6896772634263
1232.6896772634263
2148.5501858049493
2148.5501858049493
1983.1916759717012
1983.1916759717012
2202.3390272267793
2202.3390272267793
1989.6832734549212
1989.6832734549212
2126.1767735684175
2126.1767735684175
2375.5344900905357
2375.5344900905357
1488.2254262157728
1488.2254262157728
2226.990387901843
2226.990387901843
1945.3316916581366
1945.3316916581366
1971.0898885818608
1971.0898885818608
1837.2564111317658
1837.2564111317658
2123.7216512556065
2123.7216512556065
2184.1194597854137
2184.1194597854137
2108.815133263269
2108.815133263269
1975.7265461035254
1975.7265461035254
2263.641554541634
2263.641554541634
2008.1642960015372
2008.1642960015372
2005.523204223769
2005.523204223769
1788.2710696679355
1788.2710696679355
1423.311541310551
1423.311541310551
1466.5513170801432
1466.5513170801432
