148.5539800153589
148.5539800153589
148.5539800153589
148.5539800153589
213.8174239107993
213.8174239107993
213.8174239107993
213.8174239107993
167.95263810020836
167.95263810020836
167.95263810020836
167.95263810020836
189.81652511907805
189.81652511907805
189.81652511907805
189.81652511907805
192.99493970125326
192.99493970125326
192.99493970125326
192.99493970125326
209.45976509527875
209.45976509527875
209.45976509527875
209.45976509527875
150.2934194100582
150.2934194100582
150.2934194100582
150.2934194100582
212.46172171404402
212.46172171404402
2341.7429461133465
2341.7429461133465
2341.7429461133465
2341.7429461133465
1335.4073082179757
1335.4073082179757
1335.4073082179757
1335.4073082179757
1253.8912168837796
1253.8912168837796
1253.8912168837796
1253.8912168837796
1893.9231979292422
1893.9231979292422
1893.9231979292422
1893.9231979292422
1376.3970697327964
1376.3970697327964
1376.3970697327964
1376.3970697327964
1682.4761717224217
1682.4761717224217
1682.4761717224217
1682.4761717224217
1609.6861569275636
1609.6861569275636
1609.6861569275636
1609.6861569275636
1409.7065984354956
1409.7065984354956
