588.8651737319994
588.8651737319994
814.3220978922959
814.3220978922959
587.7071011830967
587.7071011830967
566.2740170210931
566.2740170210931
398.2460314779373
398.2460314779373
735.8331339002904
735.8331339002904
851.4419689948104
851.4419689948104
571.2853536341149
571.2853536341149
703.5725413627662
703.5725413627662
797.4079193044587
797.4079193044587
606.9747633194182
606.9747633194182
733.8314286037936
733.8314286037936
623.4205434242698
623.4205434242698
336.93962157921493
336.93962157921493
489.4355344619862
489.4355344619862
547.9903587940169
547.9903587940169
526.7693346097783
526.7693346097783
747.055722668001
747.055722668001
542.3706312736721
542.3706312736721
869.8531446690367
869.8531446690367
703.9415484254756
703.9415484254756
964.711597564778
964.711597564778
683.7977497801553
683.7977497801553
586.603806230968
586.603806230968
693.9401128233632
693.9401128233632
761.7803191688731
761.7803191688731
586.4127999104905
586.4127999104905
686.1847113214247
686.1847113214247
994.0211349826077
994.0211349826077
639.3076952828108
639.3076952828108
