5106.340002175818
5106.340002175818
4535.987505714909
4535.987505714909
4954.261826547554
4954.261826547554
5429.917561284389
5429.917561284389
3856.5356674152936
3856.5356674152936
3535.5474755808245
3535.5474755808245
5551.709785060331
5551.709785060331
5435.101812261483
5435.101812261483
4143.225146828992
4143.225146828992
4271.269380820731
4271.269380820731
4838.238793684239
4838.238793684239
5665.736623685707
5665.736623685707
4588.625816533828
4588.625816533828
4644.46035793853
4644.46035793853
5129.603386479828
5129.603386479828
4275.81072858726
4275.81072858726
4383.123845439296
4383.123845439296
5110.891921444668
5110.891921444668
4268.010010439255
4268.010010439255
3639.95734286699
3639.95734286699
3722.9012784405363
3722.9012784405363
3077.1253314576843
3077.1253314576843
5246.104661957777
5246.104661957777
4856.959836250028
4856.959836250028
3328.7949279346417
3328.7949279346417
4247.34015494641
4247.34015494641
3888.523312754649
3888.523312754649
4248.201726844633
4248.201726844633
5231.100579108554
5231.100579108554
3831.12388500993
1299.7892278865795
