4601.441732572677
4601.441732572677
4601.441732572677
4601.441732572677
4601.441732572677
4714.242046876804
4714.242046876804
4714.242046876804
4714.242046876804
4714.242046876804
3807.350490250932
3807.350490250932
3807.350490250932
3807.350490250932
3807.350490250932
4282.224765429087
4282.224765429087
4282.224765429087
4282.224765429087
4282.224765429087
6027.466144996188
6027.466144996188
6027.466144996188
6027.466144996188
6027.466144996188
5321.4340221172515
5321.4340221172515
5321.4340221172515
5321.4340221172515
5321.4340221172515
3639.0468339021836
3639.0468339021836
3639.0468339021836
3639.0468339021836
3639.0468339021836
3940.859315245354
3940.859315245354
3940.859315245354
3940.859315245354
3940.859315245354
4394.427448545026
4394.427448545026
4394.427448545026
4394.427448545026
4394.427448545026
4050.3535697582993
4050.3535697582993
4050.3535697582993
4050.3535697582993
4050.3535697582993
4298.634435847119
4298.634435847119
4298.634435847119
4298.634435847119
4298.634435847119
3801.677896550708
3801.677896550708
3801.677896550708
3801.677896550708
3801.677896550708
