1132.6293752834752
1132.6293752834752
1132.6293752834752
1132.6293752834752
1132.6293752834752
1241.3297619880939
1241.3297619880939
1241.3297619880939
1241.3297619880939
1241.3297619880939
1080.9870907142683
1080.9870907142683
1080.9870907142683
1080.9870907142683
1080.9870907142683
1069.0405057986982
1069.0405057986982
1069.0405057986982
1069.0405057986982
1069.0405057986982
943.9562469528065
943.9562469528065
943.9562469528065
943.9562469528065
943.9562469528065
1170.3886233489075
1170.3886233489075
1170.3886233489075
1170.3886233489075
1170.3886233489075
1054.2103452651486
1054.2103452651486
1054.2103452651486
1054.2103452651486
1054.2103452651486
939.0400429914965
939.0400429914965
939.0400429914965
939.0400429914965
939.0400429914965
1010.7816916279468
1010.7816916279468
1010.7816916279468
1010.7816916279468
1010.7816916279468
1590.3970657229663
1590.3970657229663
1590.3970657229663
1590.3970657229663
1590.3970657229663
1071.364278656216
1071.364278656216
1071.364278656216
1071.364278656216
1071.364278656216
873.578384886839
873.578384886839
2984.693754388345
2984.693754388345
2984.693754388345
