1995.647124727218
1995.647124727218
1995.647124727218
1995.647124727218
1995.647124727218
1759.9752475759803
1759.9752475759803
1759.9752475759803
1759.9752475759803
1759.9752475759803
2041.039202140182
2041.039202140182
2041.039202140182
2041.039202140182
2041.039202140182
0.1
0.1
0.1
0.1
0.1
2012.9612532258739
2012.9612532258739
2012.9612532258739
2012.9612532258739
48.80066861793719
48.80066861793719
48.80066861793719
48.80066861793719
48.80066861793719
265.56254205257494
265.56254205257494
265.56254205257494
265.56254205257494
265.56254205257494
337.3539436252089
337.3539436252089
337.3539436252089
337.3539436252089
337.3539436252089
462.51673160414884
462.51673160414884
462.51673160414884
462.51673160414884
462.51673160414884
306.3045321140263
306.3045321140263
306.3045321140263
306.3045321140263
306.3045321140263
187.4779312565278
187.4779312565278
187.4779312565278
187.4779312565278
187.4779312565278
224.42557195055426
224.42557195055426
224.42557195055426
1758.867490027512
1758.867490027512
1758.867490027512
