1722.3687235270286
2367.9134032466122
2367.9134032466122
2367.9134032466122
2367.9134032466122
1926.0872116858295
1926.0872116858295
1926.0872116858295
1926.0872116858295
2535.225811715808
2535.225811715808
2535.225811715808
2535.225811715808
2815.094633746696
2815.094633746696
2815.094633746696
2815.094633746696
1609.7084371546855
1609.7084371546855
1609.7084371546855
1609.7084371546855
2254.4059411864273
2254.4059411864273
2254.4059411864273
2254.4059411864273
1818.1905212061965
1818.1905212061965
1818.1905212061965
2642.3727918692102
4652.9017978679585
4652.9017978679585
4652.9017978679585
1876.155345752662
1876.155345752662
1876.155345752662
1876.155345752662
2027.9966321352827
2027.9966321352827
2027.9966321352827
2027.9966321352827
1314.3554275436752
1314.3554275436752
1314.3554275436752
1314.3554275436752
1940.5096992937229
1940.5096992937229
1940.5096992937229
962.1096314653488
962.1096314653488
962.1096314653488
962.1096314653488
1088.2058218570846
1088.2058218570846
1088.2058218570846
1088.2058218570846
4060.213256150244
4060.213256150244
4060.213256150244
4060.213256150244
4865.954423711872
