658.6576172724798
658.6576172724798
658.6576172724798
658.6576172724798
658.6576172724798
797.4666495574479
797.4666495574479
797.4666495574479
797.4666495574479
797.4666495574479
2125.9185200725374
2125.9185200725374
2125.9185200725374
2125.9185200725374
2125.9185200725374
2426.1537955801273
1464.3595192985035
1464.3595192985035
1464.3595192985035
1464.3595192985035
3002.8629571661677
3002.8629571661677
3002.8629571661677
3002.8629571661677
3002.8629571661677
3207.539937896802
3207.539937896802
3207.539937896802
3207.539937896802
3207.539937896802
3095.1341304788803
3095.1341304788803
3095.1341304788803
3095.1341304788803
3095.1341304788803
4429.455383782599
4429.455383782599
4429.455383782599
4429.455383782599
4429.455383782599
3497.1652098414056
3497.1652098414056
1052.0787901697784
1052.0787901697784
1052.0787901697784
1052.0787901697784
1052.0787901697784
1157.616169627254
1157.616169627254
1157.616169627254
1157.616169627254
1157.616169627254
915.5479202155905
915.5479202155905
915.5479202155905
915.5479202155905
915.5479202155905
1022.0434948448826
3268.613038953941
3268.613038953941
