226.61277391837575
226.61277391837575
226.61277391837575
226.61277391837575
226.61277391837575
132.46038192269754
132.46038192269754
132.46038192269754
132.46038192269754
132.46038192269754
166.59564659906525
166.59564659906525
166.59564659906525
166.59564659906525
166.59564659906525
219.07275616050742
219.07275616050742
219.07275616050742
219.07275616050742
219.07275616050742
240.30173361910371
240.30173361910371
240.30173361910371
240.30173361910371
240.30173361910371
299.1712890630986
299.1712890630986
299.1712890630986
299.1712890630986
299.1712890630986
51.62496986010996
51.62496986010996
51.62496986010996
51.62496986010996
51.62496986010996
86.13779192952249
86.13779192952249
86.13779192952249
86.13779192952249
86.13779192952249
244.93579706584495
244.93579706584495
3266.3438954339417
3266.3438954339417
3266.3438954339417
3266.3438954339417
3266.3438954339417
1931.391005129869
1931.391005129869
1931.391005129869
1931.391005129869
1931.391005129869
1802.5682226367987
1802.5682226367987
1802.5682226367987
1802.5682226367987
1802.5682226367987
1852.6118316433485
1852.6118316433485
1852.6118316433485
