295.9503987108461
295.9503987108461
230.7779404403539
230.7779404403539
202.09568209202465
202.09568209202465
252.27843964901095
252.27843964901095
98.83525272762866
98.83525272762866
113.09468302848528
113.09468302848528
319.921347357324
319.921347357324
169.25333409553
169.25333409553
146.63530956549712
146.63530956549712
167.4619522598278
167.4619522598278
212.46750173338495
212.46750173338495
208.77133344246425
208.77133344246425
229.67375863386167
229.67375863386167
235.99889520468003
235.99889520468003
125.70922818083453
125.70922818083453
172.9460057733997
172.9460057733997
212.89466824244087
212.89466824244087
36.84837101495566
36.84837101495566
289.2271604685221
289.2271604685221
212.22984997641424
212.22984997641424
217.6027182591422
217.6027182591422
145.50622645937534
145.50622645937534
223.00325928405672
223.00325928405672
274.82584076041377
274.82584076041377
190.1847137643291
190.1847137643291
153.47236467370465
153.47236467370465
158.99445805969384
158.99445805969384
259.6000545134099
259.6000545134099
72.13484210953617
72.13484210953617
188.92222238636643
188.92222238636643
