5302.262903387373
5302.262903387373
5302.262903387373
4700.6435847984085
4700.6435847984085
4700.6435847984085
4321.795796808498
4321.795796808498
4321.795796808498
753.3837542852359
753.3837542852359
753.3837542852359
838.2148014208249
838.2148014208249
838.2148014208249
668.6073181423368
668.6073181423368
668.6073181423368
532.3636185098377
532.3636185098377
532.3636185098377
452.7263534921443
452.7263534921443
452.7263534921443
979.0964087791606
979.0964087791606
979.0964087791606
729.3201602052034
729.3201602052034
729.3201602052034
719.1505119910017
719.1505119910017
719.1505119910017
811.0969604371929
811.0969604371929
811.0969604371929
300.7788980193504
300.7788980193504
300.7788980193504
761.9516387438827
761.9516387438827
761.9516387438827
801.879410533454
801.879410533454
801.879410533454
536.2225152236695
536.2225152236695
536.2225152236695
105.85311808396318
105.85311808396318
105.85311808396318
527.3879287361577
527.3879287361577
527.3879287361577
565.61641208273
565.61641208273
565.61641208273
419.61177735887173
419.61177735887173
419.61177735887173
