2586.407739361503
2586.407739361503
2586.407739361503
2410.663277284325
2410.663277284325
2410.663277284325
3641.639897493278
3641.639897493278
3641.639897493278
1629.817437755295
1629.817437755295
1629.817437755295
2546.773184976198
2546.773184976198
2546.773184976198
2616.8437989368813
2616.8437989368813
2616.8437989368813
1321.9482407049202
1321.9482407049202
1321.9482407049202
2539.7925766058165
1266.2326581247526
1266.2326581247526
1266.2326581247526
879.333251579251
879.333251579251
879.333251579251
2738.4601981853843
2738.4601981853843
2738.4601981853843
5321.38822908791
5321.38822908791
5321.38822908791
4980.614517377977
4980.614517377977
4980.614517377977
4649.543173239051
4649.543173239051
4649.543173239051
3323.5940468040308
3323.5940468040308
3323.5940468040308
3314.511710477595
3314.511710477595
3314.511710477595
4615.712747141092
4615.712747141092
4615.712747141092
1773.1703322726676
1773.1703322726676
1773.1703322726676
5378.673754776242
5378.673754776242
5378.673754776242
3169.6996905333426
3169.6996905333426
3169.6996905333426
2854.965942481554
2854.965942481554
