889.8851611632897
889.8851611632897
2812.558053805357
2812.558053805357
2798.4660711942975
2798.4660711942975
3160.8197764794772
3160.8197764794772
2380.996249583145
2380.996249583145
3054.6804550472643
3054.6804550472643
1774.6384246236148
1774.6384246236148
2729.4213912335385
2729.4213912335385
1331.5994955917804
1331.5994955917804
3651.9062254883333
3651.9062254883333
2190.672322336268
2190.672322336268
456.6021170651686
456.6021170651686
1581.9138657551325
1581.9138657551325
2974.0106654769343
2974.0106654769343
2140.906395915156
2140.906395915156
3370.1225447823617
3370.1225447823617
3610.076470012121
3610.076470012121
2827.42637903938
2827.42637903938
1831.2830872039906
1831.2830872039906
1761.2950456879094
1761.2950456879094
2518.5274256188213
2518.5274256188213
2683.381764297306
2683.381764297306
4401.272749848694
4401.272749848694
1801.0528338933889
1801.0528338933889
3873.522110423184
3873.522110423184
0.1
0.1
4573.324276784722
4573.324276784722
2145.9559769943603
2145.9559769943603
1508.0280280798743
1508.0280280798743
3256.3684539089786
1812.5367513316196
