2636.332727729802
2636.332727729802
2636.332727729802
2636.332727729802
2912.9521771702357
2912.9521771702357
2912.9521771702357
2912.9521771702357
2912.521337066111
2912.521337066111
2912.521337066111
2912.521337066111
3093.388911327294
3093.388911327294
3093.388911327294
3093.388911327294
2921.6213312263053
2921.6213312263053
2921.6213312263053
2921.6213312263053
2682.2350601327194
2682.2350601327194
2682.2350601327194
2682.2350601327194
1990.9647074036388
1990.9647074036388
1990.9647074036388
1990.9647074036388
1905.3005287237006
1905.3005287237006
1905.3005287237006
1905.3005287237006
2959.6712099611123
2959.6712099611123
2959.6712099611123
2959.6712099611123
1671.311206458029
1671.311206458029
1671.311206458029
1671.311206458029
2203.0376050505265
2203.0376050505265
2203.0376050505265
2203.0376050505265
1525.4912542750112
1525.4912542750112
1525.4912542750112
1525.4912542750112
2122.146214314763
2122.146214314763
2122.146214314763
2122.146214314763
1671.9035010298562
1671.9035010298562
1671.9035010298562
1671.9035010298562
2923.717008328563
2923.717008328563
2923.717008328563
2923.717008328563
