3537.819471050202
3537.819471050202
3537.819471050202
3537.819471050202
3107.875270471429
3107.875270471429
3107.875270471429
3107.875270471429
2696.5265573491574
2696.5265573491574
2696.5265573491574
2696.5265573491574
2832.0909268016444
2832.0909268016444
2832.0909268016444
2832.0909268016444
2831.0764911077
2831.0764911077
2831.0764911077
2831.0764911077
2939.3678835712917
2939.3678835712917
2939.3678835712917
2939.3678835712917
2773.0631978531746
2773.0631978531746
2773.0631978531746
2773.0631978531746
2574.6066937946175
2574.6066937946175
2574.6066937946175
2574.6066937946175
2387.2487061331935
2387.2487061331935
2387.2487061331935
2387.2487061331935
3220.5177447078954
3220.5177447078954
3220.5177447078954
3220.5177447078954
3265.089923816046
3265.089923816046
3265.089923816046
3265.089923816046
2811.792513091946
2811.792513091946
2811.792513091946
2811.792513091946
2840.801090848569
2840.801090848569
2840.801090848569
2840.801090848569
3055.1136420489242
3055.1136420489242
3055.1136420489242
3055.1136420489242
2469.6172056455634
2469.6172056455634
2469.6172056455634
2469.6172056455634
