1177.8000954830284
1177.8000954830284
783.1909218365143
783.1909218365143
746.1229985186203
746.1229985186203
1243.4016455005046
1243.4016455005046
1690.896323732638
1690.896323732638
1142.803431051368
1142.803431051368
1420.2759912636436
1420.2759912636436
684.7763537411745
684.7763537411745
1459.501331305331
1459.501331305331
1131.5041453831084
1131.5041453831084
906.7681149225452
906.7681149225452
810.4765814666889
810.4765814666889
1762.5054327450855
1762.5054327450855
2618.0068689163054
2618.0068689163054
3267.5804777498033
3267.5804777498033
4004.060747632472
4004.060747632472
3315.803074003763
3315.803074003763
2385.6499846458246
2385.6499846458246
2002.344325815611
2002.344325815611
1845.2358059614805
1845.2358059614805
2029.1656930626652
2029.1656930626652
1627.5427286080178
1627.5427286080178
1212.851058721059
1212.851058721059
2263.9769282129255
2263.9769282129255
1322.6332676991005
1322.6332676991005
2228.5746511824022
2228.5746511824022
2450.2933501182574
2450.2933501182574
2151.006534764969
2151.006534764969
2489.2960428550605
2489.2960428550605
3267.1420660263043
3267.1420660263043
