2713.0586701098346
2713.0586701098346
2713.0586701098346
2713.0586701098346
2713.0586701098346
3355.6275278053026
3355.6275278053026
3355.6275278053026
3355.6275278053026
3355.6275278053026
2080.4958022291785
2080.4958022291785
2080.4958022291785
2080.4958022291785
2080.4958022291785
4637.621518818427
4637.621518818427
4637.621518818427
4637.621518818427
4637.621518818427
3229.2023359002333
3229.2023359002333
3229.2023359002333
3229.2023359002333
3229.2023359002333
4768.525129510267
4768.525129510267
4768.525129510267
4768.525129510267
4768.525129510267
3305.216780326704
3305.216780326704
3305.216780326704
3305.216780326704
3305.216780326704
3364.312135014641
3364.312135014641
3364.312135014641
3364.312135014641
3364.312135014641
6690.646130397011
6690.646130397011
6690.646130397011
6690.646130397011
6690.646130397011
3734.3639635175577
3734.3639635175577
3734.3639635175577
3734.3639635175577
3734.3639635175577
3015.266121889942
3015.266121889942
3015.266121889942
3015.266121889942
3015.266121889942
3255.6131750177087
3255.6131750177087
3255.6131750177087
3255.6131750177087
3255.6131750177087
