696.8897970879887
696.8897970879887
696.8897970879887
696.8897970879887
816.3570475529261
816.3570475529261
816.3570475529261
816.3570475529261
1640.778996654742
1815.0692396520687
1815.0692396520687
3477.218891261299
3477.218891261299
3477.218891261299
3477.218891261299
1907.1151896054264
1907.1151896054264
1907.1151896054264
1907.1151896054264
1304.360673405846
1304.360673405846
1304.360673405846
1304.360673405846
2073.1162221800846
258.4393607035388
258.4393607035388
258.4393607035388
258.4393607035388
213.1649847046539
213.1649847046539
213.1649847046539
213.1649847046539
227.79796503597487
227.79796503597487
227.79796503597487
227.79796503597487
265.4808967068605
265.4808967068605
265.4808967068605
265.4808967068605
166.10429381198063
166.10429381198063
166.10429381198063
166.10429381198063
232.28152931828356
232.28152931828356
232.28152931828356
232.28152931828356
277.65256437473533
277.65256437473533
277.65256437473533
277.65256437473533
244.30232114690938
244.30232114690938
244.30232114690938
244.30232114690938
159.3803694244942
159.3803694244942
159.3803694244942
159.3803694244942
