5925.526695866855
5925.526695866855
5925.526695866855
5884.763089779061
5884.763089779061
5884.763089779061
4149.771118355957
4149.771118355957
4149.771118355957
4434.243277769838
4434.243277769838
4434.243277769838
3300.5119751745187
3300.5119751745187
3300.5119751745187
6080.828495815675
6080.828495815675
6080.828495815675
3494.6991388995284
3494.6991388995284
3494.6991388995284
3347.791719877449
3347.791719877449
3347.791719877449
1108.3994483550305
1108.3994483550305
1108.3994483550305
8184.1444047278455
8184.1444047278455
8184.1444047278455
2900.1097412138406
2900.1097412138406
2900.1097412138406
3760.060610254097
3760.060610254097
3760.060610254097
4478.33030405679
4478.33030405679
4478.33030405679
6648.667507643117
6648.667507643117
6648.667507643117
3767.0934055430757
3767.0934055430757
3767.0934055430757
2702.310876925795
2702.310876925795
2702.310876925795
1346.389963724177
1346.389963724177
1346.389963724177
3949.545984854553
3949.545984854553
3949.545984854553
4282.417666850278
0.1
0.1
0.1
2762.2758890266628
2762.2758890266628
