4502.487012039525
4502.487012039525
3242.644847322422
3242.644847322422
4660.779896343301
4660.779896343301
4411.606677385471
4411.606677385471
3547.660033623226
3547.660033623226
4004.0119205407564
4004.0119205407564
3963.9351583586295
3963.9351583586295
4020.350956862519
4020.350956862519
3663.0009237075537
3663.0009237075537
4188.815379117673
4188.815379117673
4276.347919422885
4276.347919422885
3697.3905140348725
3697.3905140348725
3769.4664567236887
3769.4664567236887
4225.114308376127
4225.114308376127
4638.385331991518
4638.385331991518
3871.728932275578
3871.728932275578
3883.618694440045
3883.618694440045
3159.122877499966
3159.122877499966
4349.220174313974
4349.220174313974
3445.87681912278
3445.87681912278
4391.144981442945
4391.144981442945
3562.586911823948
3562.586911823948
4179.734398420877
4179.734398420877
5236.512333048204
5236.512333048204
3677.2212487055613
3677.2212487055613
4267.232543899117
4267.232543899117
3804.174015225281
3804.174015225281
4225.870140461471
3352.140619600188
3352.140619600188
3131.632786890097
3131.632786890097
3632.2135748449978
