3356.744446073928
3356.744446073928
3356.744446073928
3356.744446073928
3096.6093607655457
3096.6093607655457
3096.6093607655457
3096.6093607655457
4458.589057365524
4458.589057365524
4458.589057365524
4458.589057365524
4424.837084909036
4424.837084909036
4424.837084909036
4424.837084909036
2623.4197118742313
2623.4197118742313
2623.4197118742313
2623.4197118742313
1516.2553356175313
1516.2553356175313
1516.2553356175313
1516.2553356175313
3821.146631139117
3821.146631139117
3821.146631139117
3821.146631139117
2656.525370752503
2656.525370752503
2656.525370752503
2656.525370752503
3581.0390933379895
3581.0390933379895
3581.0390933379895
3581.0390933379895
4419.723088250478
4419.723088250478
4419.723088250478
4419.723088250478
4457.758380217054
4457.758380217054
4457.758380217054
4457.758380217054
4182.777723133734
4182.777723133734
4182.777723133734
4182.777723133734
5754.472161632681
5754.472161632681
5754.472161632681
5754.472161632681
1351.4031137109205
1351.4031137109205
1351.4031137109205
1351.4031137109205
5936.425241013421
5936.425241013421
5936.425241013421
5936.425241013421
