3745.6975361394634
3745.6975361394634
3745.6975361394634
3745.6975361394634
3745.6975361394634
4202.204212406842
4202.204212406842
4202.204212406842
4202.204212406842
4202.204212406842
1883.27982976611
1883.27982976611
1883.27982976611
1883.27982976611
1883.27982976611
2846.6682471694994
2846.6682471694994
2846.6682471694994
2846.6682471694994
2846.6682471694994
2655.5892581608177
2655.5892581608177
2655.5892581608177
2655.5892581608177
2655.5892581608177
3404.5177509334276
3404.5177509334276
3404.5177509334276
3404.5177509334276
3404.5177509334276
3706.170206983507
3706.170206983507
3706.170206983507
3706.170206983507
3706.170206983507
5535.321820935294
5535.321820935294
5535.321820935294
5535.321820935294
5535.321820935294
4115.558798071725
4115.558798071725
4115.558798071725
4115.558798071725
4115.558798071725
4686.019950207234
4686.019950207234
4686.019950207234
4686.019950207234
4686.019950207234
4047.8519366499777
4047.8519366499777
4047.8519366499777
4047.8519366499777
4047.8519366499777
4454.216470777276
4454.216470777276
4454.216470777276
4454.216470777276
4454.216470777276
