837.308167181137
837.308167181137
837.308167181137
629.6980321001486
629.6980321001486
629.6980321001486
717.6662036491953
717.6662036491953
717.6662036491953
192.61345623348052
192.61345623348052
192.61345623348052
517.8360285367492
517.8360285367492
517.8360285367492
493.65568103990313
493.65568103990313
493.65568103990313
801.1030340855439
801.1030340855439
801.1030340855439
216.592047269707
216.592047269707
216.592047269707
816.8449908824673
816.8449908824673
816.8449908824673
853.3712622100229
853.3712622100229
853.3712622100229
448.5332587255907
448.5332587255907
448.5332587255907
730.4000826615562
730.4000826615562
730.4000826615562
551.1852990526935
551.1852990526935
551.1852990526935
326.0931234604331
326.0931234604331
326.0931234604331
2122.3305518765205
1668.1907448485863
1668.1907448485863
1668.1907448485863
2008.3363774223606
2008.3363774223606
2008.3363774223606
3468.9397932526963
3468.9397932526963
3468.9397932526963
2752.9976373190343
2752.9976373190343
2752.9976373190343
3340.003170503389
3340.003170503389
3340.003170503389
2876.425617934028
2876.425617934028
