1334.9337435713574
1334.9337435713574
1334.9337435713574
1334.9337435713574
1186.8529858129502
1186.8529858129502
1186.8529858129502
1186.8529858129502
1054.4231601634722
1054.4231601634722
1054.4231601634722
1054.4231601634722
1412.7602030461892
1412.7602030461892
1412.7602030461892
3154.8969921409907
3154.8969921409907
3154.8969921409907
3154.8969921409907
2275.64547969123
2275.64547969123
2275.64547969123
2275.64547969123
2763.5007754807652
2763.5007754807652
2763.5007754807652
2763.5007754807652
2072.368735784264
2072.368735784264
2072.368735784264
2072.368735784264
2504.1482091377084
2504.1482091377084
3392.852515341955
3392.852515341955
3392.852515341955
3392.852515341955
2523.575427230494
2523.575427230494
2523.575427230494
2210.841988435325
2210.841988435325
2210.841988435325
2210.841988435325
1802.06216163458
1802.06216163458
1802.06216163458
3973.997865675182
3973.997865675182
3973.997865675182
3973.997865675182
1860.0731349458865
1860.0731349458865
1860.0731349458865
1860.0731349458865
3811.8175576988547
3811.8175576988547
3811.8175576988547
3811.8175576988547
3539.1794194683002
