172.20216582857026
172.20216582857026
172.20216582857026
172.20216582857026
172.20216582857026
232.52362269672594
232.52362269672594
232.52362269672594
232.52362269672594
232.52362269672594
210.83765491325306
210.83765491325306
210.83765491325306
210.83765491325306
210.83765491325306
179.33256781633236
179.33256781633236
179.33256781633236
179.33256781633236
179.33256781633236
198.63444872601062
198.63444872601062
198.63444872601062
198.63444872601062
198.63444872601062
158.424359846885
158.424359846885
158.424359846885
158.424359846885
158.424359846885
184.71255996597205
184.71255996597205
184.71255996597205
184.71255996597205
184.71255996597205
188.60823079506093
188.60823079506093
188.60823079506093
188.60823079506093
188.60823079506093
222.84702047095078
222.84702047095078
222.84702047095078
222.84702047095078
222.84702047095078
221.59918221907685
221.59918221907685
221.59918221907685
221.59918221907685
221.59918221907685
232.65362158162307
232.65362158162307
232.65362158162307
232.65362158162307
232.65362158162307
205.15027767968843
205.15027767968843
205.15027767968843
205.15027767968843
205.15027767968843
