2263.7072887885815
2263.7072887885815
2263.7072887885815
2263.7072887885815
1550.3357354541208
1550.3357354541208
1550.3357354541208
1550.3357354541208
160.82086607985093
160.82086607985093
160.82086607985093
160.82086607985093
1213.350767633066
1213.350767633066
1213.350767633066
1213.350767633066
2636.9479023922727
2636.9479023922727
2636.9479023922727
2636.9479023922727
3045.264039753659
3045.264039753659
3045.264039753659
3045.264039753659
1709.8730378717812
1709.8730378717812
1709.8730378717812
1709.8730378717812
2473.0024732584016
2473.0024732584016
2473.0024732584016
2473.0024732584016
728.6546698874654
728.6546698874654
728.6546698874654
728.6546698874654
1894.2659413735869
1894.2659413735869
1894.2659413735869
1894.2659413735869
2102.361664585653
4040.2382615307406
4040.2382615307406
4040.2382615307406
4040.2382615307406
2141.8106739766476
2141.8106739766476
2141.8106739766476
2141.8106739766476
3111.1408398761128
3111.1408398761128
3111.1408398761128
3111.1408398761128
1510.5629286628687
1510.5629286628687
1510.5629286628687
1510.5629286628687
3527.797928420735
410.0900925625899
410.0900925625899
