1031.337709678997
1031.337709678997
1031.337709678997
1031.337709678997
1031.337709678997
588.3060705906358
588.3060705906358
588.3060705906358
588.3060705906358
588.3060705906358
705.3190775012333
705.3190775012333
705.3190775012333
705.3190775012333
705.3190775012333
619.7180327295298
619.7180327295298
619.7180327295298
619.7180327295298
619.7180327295298
695.2110437983973
695.2110437983973
695.2110437983973
695.2110437983973
695.2110437983973
278.9734573169905
278.9734573169905
278.9734573169905
278.9734573169905
278.9734573169905
601.6670870962174
601.6670870962174
601.6670870962174
601.6670870962174
601.6670870962174
397.7068044966738
397.7068044966738
397.7068044966738
397.7068044966738
397.7068044966738
795.7618824774804
795.7618824774804
795.7618824774804
795.7618824774804
795.7618824774804
766.7019705568958
766.7019705568958
766.7019705568958
766.7019705568958
766.7019705568958
322.9993477324391
322.9993477324391
322.9993477324391
322.9993477324391
322.9993477324391
857.4840252245745
857.4840252245745
857.4840252245745
857.4840252245745
857.4840252245745
