2546.132551699369
2546.132551699369
2546.132551699369
2594.70506046383
2594.70506046383
2594.70506046383
2519.920870681697
2519.920870681697
2519.920870681697
2321.1117384351305
2321.1117384351305
2321.1117384351305
2219.7836454461103
2219.7836454461103
2219.7836454461103
2246.915843559949
2246.915843559949
2246.915843559949
2641.932295865897
2641.932295865897
2641.932295865897
2736.092493898668
2736.092493898668
2736.092493898668
2710.7264942602346
2710.7264942602346
2710.7264942602346
2467.079714956969
2467.079714956969
2467.079714956969
2709.9278349525334
2709.9278349525334
2709.9278349525334
2587.4554538574566
2587.4554538574566
2587.4554538574566
2204.4088156575726
2204.4088156575726
2204.4088156575726
2034.0800397354228
2034.0800397354228
2034.0800397354228
2242.1106063751017
2242.1106063751017
2242.1106063751017
2509.383352267952
2509.383352267952
2509.383352267952
2322.2182855347505
2322.2182855347505
2322.2182855347505
3091.5825574923847
3091.5825574923847
3091.5825574923847
2669.536179995484
2669.536179995484
2669.536179995484
2199.3975638816573
2199.3975638816573
2199.3975638816573
