212.24754294614843
212.24754294614843
194.39675482747185
194.39675482747185
191.59301260718422
191.59301260718422
194.96580845070045
194.96580845070045
206.68507799730304
206.68507799730304
186.79618103633703
186.79618103633703
197.65619319384314
197.65619319384314
203.87731212344386
203.87731212344386
203.63307338098397
203.63307338098397
198.62708654994228
198.62708654994228
195.53703332780856
195.53703332780856
187.81654314279274
187.81654314279274
196.27135087944964
196.27135087944964
207.66534401415151
207.66534401415151
185.74418684107212
185.74418684107212
197.13231374602586
197.13231374602586
182.87759570404558
182.87759570404558
197.11355079986896
197.11355079986896
195.34910700899417
195.34910700899417
205.67329780323809
205.67329780323809
188.05930668067282
188.05930668067282
204.00952679911467
204.00952679911467
197.3635866145315
197.3635866145315
199.58927587822282
199.58927587822282
197.1105221698383
197.1105221698383
210.82431936914188
210.82431936914188
202.22354961360935
202.22354961360935
204.16174635892287
204.16174635892287
210.5066363157016
210.5066363157016
199.7690501051003
199.7690501051003
