1561.7688528939518
1561.7688528939518
1561.7688528939518
1561.7688528939518
2012.3334053806084
2012.3334053806084
2012.3334053806084
2012.3334053806084
2019.2868263291236
2019.2868263291236
2019.2868263291236
2019.2868263291236
1734.5537120933063
1734.5537120933063
1734.5537120933063
1734.5537120933063
1099.1561693494937
1099.1561693494937
1099.1561693494937
1099.1561693494937
890.7824143827345
890.7824143827345
890.7824143827345
890.7824143827345
1506.3472014362621
1506.3472014362621
1506.3472014362621
1506.3472014362621
933.9162948740633
933.9162948740633
933.9162948740633
933.9162948740633
1597.0673616737245
1597.0673616737245
1597.0673616737245
1597.0673616737245
3643.68936534363
3643.68936534363
3643.68936534363
3643.68936534363
2968.1598954558326
2968.1598954558326
2968.1598954558326
2968.1598954558326
3723.014645707172
3723.014645707172
518.2436407406768
518.2436407406768
518.2436407406768
518.2436407406768
450.1144374836348
450.1144374836348
450.1144374836348
450.1144374836348
647.5132961768769
647.5132961768769
647.5132961768769
647.5132961768769
565.064103784177
565.064103784177
