1968.4637993753365
1968.4637993753365
594.3867667839899
594.3867667839899
594.3867667839899
1545.0827999932073
1545.0827999932073
678.0440401042589
678.0440401042589
678.0440401042589
716.7475648161
716.7475648161
716.7475648161
713.3891214136859
713.3891214136859
713.3891214136859
586.2232363067304
586.2232363067304
586.2232363067304
688.676756525396
688.676756525396
688.676756525396
678.4412152211395
678.4412152211395
678.4412152211395
684.3696920593884
684.3696920593884
684.3696920593884
636.532519665816
636.532519665816
636.532519665816
679.8998606785722
679.8998606785722
679.8998606785722
673.4508772037558
673.4508772037558
673.4508772037558
624.615743954029
624.615743954029
624.615743954029
695.289904099808
695.289904099808
695.289904099808
612.2528638697537
612.2528638697537
612.2528638697537
695.4287626875414
695.4287626875414
695.4287626875414
656.1634526558702
656.1634526558702
656.1634526558702
617.982224000535
617.982224000535
189.57939866271627
189.57939866271627
189.57939866271627
204.53425054798913
204.53425054798913
204.53425054798913
