2972.9549264567218
2972.9549264567218
2972.9549264567218
2972.9549264567218
2733.637634315356
2733.637634315356
2733.637634315356
2733.637634315356
1756.557882296989
1756.557882296989
1756.557882296989
1756.557882296989
4013.5469900800326
4013.5469900800326
4013.5469900800326
4013.5469900800326
1666.622159275681
1666.622159275681
1666.622159275681
1666.622159275681
640.4150690887313
5065.637797710485
5065.637797710485
5065.637797710485
5065.637797710485
5766.485505868129
5766.485505868129
5766.485505868129
5766.485505868129
5154.194726571975
5154.194726571975
6202.902191624797
6202.902191624797
6202.902191624797
6202.902191624797
2206.709322073947
2206.709322073947
3352.2764382031023
3352.2764382031023
3352.2764382031023
3352.2764382031023
3896.67262417501
3896.67262417501
3896.67262417501
3896.67262417501
1833.573052036836
1833.573052036836
1833.573052036836
1833.573052036836
3051.7585669823725
3051.7585669823725
3051.7585669823725
3051.7585669823725
1723.7023558149208
1723.7023558149208
1723.7023558149208
1723.7023558149208
3393.786346325677
3393.786346325677
3393.786346325677
