1634.8953467896868
1634.8953467896868
1634.8953467896868
1634.8953467896868
1658.6655996308095
1658.6655996308095
1658.6655996308095
1658.6655996308095
2338.6254988584888
2338.6254988584888
2338.6254988584888
2338.6254988584888
2013.4166148384097
2013.4166148384097
2013.4166148384097
2013.4166148384097
2164.3042418146806
2164.3042418146806
2164.3042418146806
2164.3042418146806
2193.6186658162105
2193.6186658162105
2193.6186658162105
2193.6186658162105
2011.2196445873672
2011.2196445873672
2011.2196445873672
2011.2196445873672
1584.3689313455236
1584.3689313455236
1584.3689313455236
1584.3689313455236
2373.844975347974
2373.844975347974
2373.844975347974
2373.844975347974
2086.927979581395
2086.927979581395
2086.927979581395
2086.927979581395
2463.396987561956
2463.396987561956
2463.396987561956
2463.396987561956
2056.684536058859
2056.684536058859
2056.684536058859
2056.684536058859
2295.3020196344405
2295.3020196344405
2295.3020196344405
2295.3020196344405
2190.530806318735
2190.530806318735
2190.530806318735
2190.530806318735
1811.7579948004693
1811.7579948004693
1811.7579948004693
1811.7579948004693
