1542.8294142233062
1542.8294142233062
2080.1578115196457
1712.467420786692
1712.467420786692
2202.15057733857
2202.15057733857
2446.317025340235
2446.317025340235
2012.2104500822868
2012.2104500822868
1721.9346532404377
1721.9346532404377
2347.4209073893853
2347.4209073893853
1754.208939567729
1754.208939567729
2308.6172109490217
1204.7619946697223
1204.7619946697223
1204.21318576744
1204.21318576744
1027.4298002015744
1027.4298002015744
1198.2096567980398
1198.2096567980398
936.3519136243699
936.3519136243699
2811.4403832209073
2811.4403832209073
2182.132732902571
2182.132732902571
2287.8592791028664
2287.8592791028664
2166.9008839524536
2166.9008839524536
2248.3493325204167
2248.3493325204167
2012.2750551020417
2012.2750551020417
1954.7819990715404
1954.7819990715404
2821.2551594137494
2821.2551594137494
2341.873870182583
2341.873870182583
2505.022918329135
2505.022918329135
2700.7092243237144
2700.7092243237144
2761.4748351459643
2761.4748351459643
1400.4066996073725
1400.4066996073725
1955.8248683241231
1955.8248683241231
2113.3770446598032
2113.3770446598032
1841.562703882062
1841.562703882062
