498.19963884371623
498.19963884371623
498.19963884371623
498.19963884371623
498.19963884371623
1288.2044461188002
1288.2044461188002
1288.2044461188002
1288.2044461188002
1288.2044461188002
2941.3554642557524
2941.3554642557524
2941.3554642557524
2941.3554642557524
2941.3554642557524
2427.9066670361026
2427.9066670361026
2427.9066670361026
2427.9066670361026
2427.9066670361026
2221.8363584607673
2221.8363584607673
2221.8363584607673
2221.8363584607673
2221.8363584607673
2171.8018892289097
2171.8018892289097
2171.8018892289097
2171.8018892289097
2171.8018892289097
1892.8321259275933
1892.8321259275933
1892.8321259275933
1892.8321259275933
1892.8321259275933
2102.7019871826533
2102.7019871826533
2102.7019871826533
2102.7019871826533
2102.7019871826533
2176.139513362594
2176.139513362594
2176.139513362594
2176.139513362594
2176.139513362594
2273.273054683933
2273.273054683933
2273.273054683933
2273.273054683933
2273.273054683933
2315.1560601318242
2315.1560601318242
2315.1560601318242
2315.1560601318242
2315.1560601318242
1494.3876202857641
1494.3876202857641
1494.3876202857641
1494.3876202857641
1494.3876202857641
