505.71876255343886
505.71876255343886
505.71876255343886
505.71876255343886
505.71876255343886
432.21228374274665
432.21228374274665
432.21228374274665
432.21228374274665
432.21228374274665
507.3055146455886
507.3055146455886
507.3055146455886
507.3055146455886
507.3055146455886
690.2277505228855
690.2277505228855
690.2277505228855
690.2277505228855
690.2277505228855
400.2420166954231
400.2420166954231
400.2420166954231
3169.0316048029936
3169.0316048029936
3169.0316048029936
3169.0316048029936
3169.0316048029936
3910.062815105124
3910.062815105124
3910.062815105124
3910.062815105124
3910.062815105124
3928.443333020827
3928.443333020827
3928.443333020827
3928.443333020827
3928.443333020827
4486.380919345628
4486.380919345628
4486.380919345628
4486.380919345628
4486.380919345628
4777.264415345066
4777.264415345066
4777.264415345066
4777.264415345066
4777.264415345066
4551.03870752417
4551.03870752417
4551.03870752417
2465.1829462790824
2465.1829462790824
2465.1829462790824
2465.1829462790824
2465.1829462790824
1501.0832574313658
1501.0832574313658
1501.0832574313658
1501.0832574313658
