3062.2009686046435
3062.2009686046435
2322.0524802175305
3495.7720176742614
3495.7720176742614
3117.429388966104
3117.429388966104
3815.6404352842405
3815.6404352842405
3345.1795280533224
3345.1795280533224
4065.8597911427364
4065.8597911427364
837.7478500735516
837.7478500735516
1004.7743388643139
1004.7743388643139
1225.5925717730804
1225.5925717730804
1181.1617631345407
1181.1617631345407
1106.8292138191762
1106.8292138191762
1079.495003770017
1079.495003770017
1042.6849521624574
1042.6849521624574
1031.043635053142
1031.043635053142
1049.223097494516
1049.223097494516
1267.0812709625832
1267.0812709625832
1213.8934878802881
1213.8934878802881
1148.555031998737
1148.555031998737
932.6614775336759
932.6614775336759
1331.4050936637232
1331.4050936637232
1145.1003593278026
1145.1003593278026
1129.1923551663594
1129.1923551663594
1090.5656214712637
1090.5656214712637
1405.2783328487833
1405.2783328487833
1205.4835595735055
1205.4835595735055
1134.4214101672271
1134.4214101672271
928.8876077857639
928.8876077857639
1125.8998604847304
1125.8998604847304
1229.5361649560452
1229.5361649560452
1047.3357438306691
