5046.911941019259
5046.911941019259
3427.1246094093894
3427.1246094093894
4240.234419763618
4240.234419763618
4616.064351946163
4616.064351946163
4818.5327814867815
1085.9697999573887
1085.9697999573887
757.4536140490543
757.4536140490543
1217.6542701707924
1217.6542701707924
727.1390316087928
727.1390316087928
895.1018437128549
895.1018437128549
1039.4654584407856
1039.4654584407856
2175.7891840358584
2755.425176136975
2755.425176136975
3537.5337083484624
3537.5337083484624
3844.89638982176
3844.89638982176
4122.646785477063
4122.646785477063
2315.6961114465935
2315.6961114465935
2897.944033177266
2897.944033177266
3226.8357287586764
3226.8357287586764
3686.328222082852
3686.328222082852
3790.990237974055
3790.990237974055
4720.4809140246625
4720.4809140246625
2982.3690793394017
2982.3690793394017
3891.2332177345766
3891.2332177345766
3895.4375818731323
3895.4375818731323
2793.0797559327766
2793.0797559327766
3762.093539141446
3762.093539141446
2109.465869001543
2109.465869001543
3435.4308600695203
3435.4308600695203
3332.8101870968408
3332.8101870968408
2741.409265555713
2741.409265555713
