4294.345584467106
4294.345584467106
4294.345584467106
4294.345584467106
4294.345584467106
4287.934589804359
4287.934589804359
4287.934589804359
4287.934589804359
4287.934589804359
3158.735151964461
3158.735151964461
3158.735151964461
3158.735151964461
3158.735151964461
4101.376431393159
4101.376431393159
4101.376431393159
4101.376431393159
4101.376431393159
4133.4059148108845
4133.4059148108845
4133.4059148108845
4133.4059148108845
4133.4059148108845
2506.7999914841766
2506.7999914841766
2506.7999914841766
2506.7999914841766
2506.7999914841766
5233.809635157823
5233.809635157823
5233.809635157823
5233.809635157823
5233.809635157823
4860.652164216067
4860.652164216067
4860.652164216067
4860.652164216067
4860.652164216067
2219.335097151169
2219.335097151169
2219.335097151169
2219.335097151169
2219.335097151169
3049.786318157909
3049.786318157909
3049.786318157909
1424.6739379183643
1424.6739379183643
1424.6739379183643
1424.6739379183643
1424.6739379183643
1430.8454078691116
1430.8454078691116
1430.8454078691116
1430.8454078691116
1430.8454078691116
2082.1890467231274
2082.1890467231274
