550.3690221812199
550.3690221812199
794.2306126604782
794.2306126604782
1696.0774880489516
1696.0774880489516
1177.1929837155335
1177.1929837155335
394.21899200242365
394.21899200242365
803.3321293169088
803.3321293169088
482.98821293945855
482.98821293945855
970.7732504826128
970.7732504826128
855.2942339615017
855.2942339615017
513.7789285053187
513.7789285053187
1880.1703063652412
1880.1703063652412
137.6452735177096
137.6452735177096
1075.557186910181
1075.557186910181
601.341472673307
601.341472673307
829.4988235387141
829.4988235387141
251.21578982548397
251.21578982548397
2348.7851090262848
2348.7851090262848
1572.868229223548
1572.868229223548
2545.58702670381
2545.58702670381
992.0239986274355
992.0239986274355
1934.2739606248697
1934.2739606248697
1267.1400826792387
1267.1400826792387
425.50348210364973
425.50348210364973
1171.4857923961658
1528.5176421795575
1528.5176421795575
3086.527731334829
3086.527731334829
0.1
0.1
4651.499306632622
4651.499306632622
2940.1541702791915
2940.1541702791915
1494.9161971264157
1494.9161971264157
1337.33794407109
