1625.8521990604145
1625.8521990604145
1625.8521990604145
1625.8521990604145
1318.984540270305
1318.984540270305
1318.984540270305
1318.984540270305
1635.5115932630083
1635.5115932630083
1635.5115932630083
1635.5115932630083
2137.6672994838736
2137.6672994838736
2137.6672994838736
2137.6672994838736
2031.4416474338861
2031.4416474338861
2031.4416474338861
2031.4416474338861
2183.991441737492
2183.991441737492
2183.991441737492
2183.991441737492
1346.3782580646794
1346.3782580646794
1346.3782580646794
1346.3782580646794
1854.3435085172528
1854.3435085172528
1854.3435085172528
1854.3435085172528
2051.049341220466
2051.049341220466
2051.049341220466
2051.049341220466
1821.7756532675323
1821.7756532675323
1821.7756532675323
1821.7756532675323
1562.7375286765803
1562.7375286765803
1562.7375286765803
1562.7375286765803
1812.0548391954812
1812.0548391954812
1812.0548391954812
1812.0548391954812
1618.404223612359
1618.404223612359
1618.404223612359
1618.404223612359
1482.3056282819846
1482.3056282819846
1482.3056282819846
1482.3056282819846
2029.8058696200844
2029.8058696200844
2029.8058696200844
2029.8058696200844
