850.5432586105971
850.5432586105971
677.9284508701926
677.9284508701926
543.1474806792944
543.1474806792944
591.9266565773381
591.9266565773381
690.0104009968743
690.0104009968743
633.2937116468264
633.2937116468264
688.988608681568
688.988608681568
516.9532606059355
516.9532606059355
636.8842380246175
636.8842380246175
799.5077517032101
799.5077517032101
608.4449300373064
608.4449300373064
588.9707786805478
588.9707786805478
637.2385723646289
637.2385723646289
517.9460550191923
517.9460550191923
702.9797460497622
702.9797460497622
748.8311713761942
748.8311713761942
793.8386892720627
793.8386892720627
695.4207150383958
695.4207150383958
623.9456589204552
623.9456589204552
632.4175450512561
632.4175450512561
549.1555419631262
549.1555419631262
692.3954310569735
692.3954310569735
691.832625600691
691.832625600691
745.5002004283389
745.5002004283389
642.9857003742123
642.9857003742123
669.6037032285933
669.6037032285933
666.4278664506867
666.4278664506867
656.9025688792676
656.9025688792676
765.8204811439647
765.8204811439647
622.371964495328
622.371964495328
