1206.0934574792868
1206.0934574792868
2033.117824957046
2033.117824957046
2669.2968109046387
2669.2968109046387
1432.9597832267705
1432.9597832267705
1720.6815342158752
1720.6815342158752
474.1345408451102
474.1345408451102
1174.1347739963476
1174.1347739963476
1934.5821728839544
1934.5821728839544
2575.831972498957
2575.831972498957
1621.9464721320392
3913.228799991575
3913.228799991575
5162.335690487453
5162.335690487453
1432.0646248436249
1432.0646248436249
1626.2188652601044
1626.2188652601044
2874.8873873824245
2874.8873873824245
4240.520488749537
4240.520488749537
3400.4224297699675
3400.4224297699675
2523.040780145821
2523.040780145821
2702.616229578631
2702.616229578631
1264.8400490208962
1264.8400490208962
2123.149569061357
2123.149569061357
1378.2887575259701
1378.2887575259701
2328.158185048362
2328.158185048362
2038.0212680567067
2038.0212680567067
1511.3273064570772
1511.3273064570772
1889.3303181543413
1889.3303181543413
1305.11717885614
1305.11717885614
541.1289179049663
541.1289179049663
1533.9285138984465
1533.9285138984465
777.7377926656278
777.7377926656278
1388.3786884008155
