2959.462293735312
2959.462293735312
2959.462293735312
2024.4240645291588
2024.4240645291588
2024.4240645291588
3290.1675658096865
3290.1675658096865
3290.1675658096865
2340.66221190546
2340.66221190546
2340.66221190546
2019.514709258547
2019.514709258547
2019.514709258547
3105.6102397381233
3105.6102397381233
3105.6102397381233
3251.688848815493
3251.688848815493
3251.688848815493
2557.403321955819
2557.403321955819
2557.403321955819
3110.7704104437375
3110.7704104437375
3110.7704104437375
2348.512576305926
2348.512576305926
2348.512576305926
1708.835013731177
1708.835013731177
1708.835013731177
3205.8989761112675
3205.8989761112675
3205.8989761112675
3809.098064865684
3809.098064865684
3809.098064865684
3297.6187921256596
3297.6187921256596
3297.6187921256596
3894.622551172303
3894.622551172303
3894.622551172303
2803.485976258456
2803.485976258456
2803.485976258456
3978.426212927685
3978.426212927685
3978.426212927685
2290.4325822120654
2290.4325822120654
2290.4325822120654
3404.011749372515
3404.011749372515
3404.011749372515
3472.587598238819
3472.587598238819
3472.587598238819
