5000.126666676456
5000.126666676456
5000.126666676456
5000.126666676456
5000.126666676456
4435.112274539413
4435.112274539413
4435.112274539413
4435.112274539413
4435.112274539413
4467.136062588441
4467.136062588441
4467.136062588441
4467.136062588441
4467.136062588441
3990.3020627054575
3990.3020627054575
3990.3020627054575
3990.3020627054575
3990.3020627054575
3658.56264369921
3658.56264369921
3658.56264369921
3658.56264369921
3658.56264369921
4612.165154043105
4612.165154043105
4612.165154043105
4612.165154043105
4612.165154043105
4077.6301771414387
4077.6301771414387
4077.6301771414387
4077.6301771414387
4077.6301771414387
3609.1386707157535
3609.1386707157535
3609.1386707157535
3609.1386707157535
3609.1386707157535
3377.13302385871
3377.13302385871
3377.13302385871
3377.13302385871
3377.13302385871
5377.581688253686
5377.581688253686
5377.581688253686
5377.581688253686
5377.581688253686
3396.745333959898
3396.745333959898
3396.745333959898
3396.745333959898
3396.745333959898
5792.496696652448
5792.496696652448
5792.496696652448
5792.496696652448
5792.496696652448
