1166.4939442682535
1166.4939442682535
1166.4939442682535
1166.4939442682535
1198.217551123273
1198.217551123273
1198.217551123273
1198.217551123273
1032.6417391191444
1032.6417391191444
1032.6417391191444
2264.001331848275
2264.001331848275
2264.001331848275
2264.001331848275
2350.0985775321137
2350.0985775321137
2350.0985775321137
2350.0985775321137
2271.127198548625
2271.127198548625
2271.127198548625
2271.127198548625
2674.137836139655
2674.137836139655
2674.137836139655
2674.137836139655
3019.417497999222
3019.417497999222
3019.417497999222
3019.417497999222
2697.644112770724
2697.644112770724
2697.644112770724
2697.644112770724
2656.239218317149
2656.239218317149
2656.239218317149
2656.239218317149
2724.9786407235442
2724.9786407235442
2724.9786407235442
2724.9786407235442
2542.79537880055
2542.79537880055
2542.79537880055
2542.79537880055
2575.4246595762916
2575.4246595762916
2575.4246595762916
2575.4246595762916
2114.380411014497
2114.380411014497
2114.380411014497
2114.380411014497
2461.438842774117
2461.438842774117
2461.438842774117
2461.438842774117
1788.9664454894823
