1829.0562089430673
1829.0562089430673
1829.0562089430673
1829.0562089430673
1829.0562089430673
1429.925922505334
1429.925922505334
1429.925922505334
1429.925922505334
1429.925922505334
1486.5464298548338
1486.5464298548338
1486.5464298548338
1486.5464298548338
1486.5464298548338
1195.2893644391836
1195.2893644391836
1195.2893644391836
1195.2893644391836
1195.2893644391836
1441.1965653321372
1441.1965653321372
1441.1965653321372
1441.1965653321372
1441.1965653321372
1247.2397754397284
1247.2397754397284
1247.2397754397284
1247.2397754397284
1247.2397754397284
1238.6544455008948
1238.6544455008948
1238.6544455008948
1238.6544455008948
1238.6544455008948
1781.9085152382443
1781.9085152382443
1781.9085152382443
1781.9085152382443
1781.9085152382443
1701.4952657453084
1701.4952657453084
1701.4952657453084
1701.4952657453084
1701.4952657453084
1227.005504760071
1227.005504760071
1227.005504760071
1227.005504760071
1227.005504760071
1640.8967235753692
1640.8967235753692
1640.8967235753692
1640.8967235753692
1640.8967235753692
1693.4093609038455
1693.4093609038455
1693.4093609038455
1693.4093609038455
1693.4093609038455
