3823.7175422926084
3823.7175422926084
3823.7175422926084
2481.6936867096565
2481.6936867096565
2481.6936867096565
4409.496053273439
4409.496053273439
4409.496053273439
3456.6018940081626
3456.6018940081626
3456.6018940081626
5012.746514875799
5012.746514875799
5012.746514875799
4476.614984845688
4476.614984845688
4476.614984845688
7085.8713404815
7085.8713404815
7085.8713404815
4845.119018432383
4845.119018432383
4845.119018432383
4082.065246143165
4082.065246143165
4082.065246143165
2525.87504859937
2525.87504859937
2525.87504859937
4584.036718752756
4584.036718752756
4584.036718752756
5364.711914333671
5364.711914333671
5364.711914333671
3778.1795175302614
3778.1795175302614
3778.1795175302614
5798.242520356572
5798.242520356572
5798.242520356572
5300.515128096186
5300.515128096186
5300.515128096186
3205.0790033794997
3205.0790033794997
3205.0790033794997
4852.675890358143
4852.675890358143
4852.675890358143
6074.870128716461
6074.870128716461
6074.870128716461
5614.642634609937
5614.642634609937
5614.642634609937
3653.6977123381826
3653.6977123381826
3653.6977123381826
