3115.2496130312593
3115.2496130312593
3115.2496130312593
3115.2496130312593
3115.2496130312593
1502.3332458241653
1502.3332458241653
1502.3332458241653
1502.3332458241653
1502.3332458241653
1834.6191638952096
1834.6191638952096
1834.6191638952096
1834.6191638952096
1834.6191638952096
940.9881270095693
940.9881270095693
940.9881270095693
940.9881270095693
940.9881270095693
1502.62057651874
1502.62057651874
1502.62057651874
1502.62057651874
1502.62057651874
3694.5942753850486
3694.5942753850486
3694.5942753850486
3694.5942753850486
3694.5942753850486
4075.9727900194694
4075.9727900194694
4075.9727900194694
4075.9727900194694
4075.9727900194694
5248.049214263703
5248.049214263703
5248.049214263703
5248.049214263703
5248.049214263703
2893.7316652679656
2893.7316652679656
2893.7316652679656
2893.7316652679656
2893.7316652679656
1898.0979220054312
1898.0979220054312
1898.0979220054312
1898.0979220054312
1898.0979220054312
296.7166036417225
296.7166036417225
296.7166036417225
296.7166036417225
296.7166036417225
5566.600555768628
5566.600555768628
5566.600555768628
5566.600555768628
5566.600555768628
