1413.7512412957744
1413.7512412957744
1715.7138019872214
1715.7138019872214
1574.9948710160274
1574.9948710160274
1496.9953281104174
1496.9953281104174
1585.525968575128
1585.525968575128
2998.1256542807746
2998.1256542807746
1716.0029303950564
1716.0029303950564
1862.514522162639
1862.514522162639
2434.258837263939
2845.6386886280584
2845.6386886280584
3133.393966171918
3133.393966171918
1686.563287985081
1686.563287985081
2594.3909058431573
2594.3909058431573
1424.967845439497
1424.967845439497
1721.891465329068
1721.891465329068
1580.0374282623225
1580.0374282623225
611.9110645380043
611.9110645380043
1020.8214912412755
1020.8214912412755
1397.7491710594293
1397.7491710594293
1441.402939088252
1441.402939088252
2031.1253608129355
2031.1253608129355
1611.3951789460225
1611.3951789460225
1347.7041168017286
1347.7041168017286
1738.631882997918
1738.631882997918
1995.2929450852703
1995.2929450852703
2102.9329317850425
2102.9329317850425
2072.0392210375962
2072.0392210375962
1745.63177221799
1745.63177221799
1551.2459689495095
1551.2459689495095
158.4638005702102
158.4638005702102
167.21172772408732
