236.96441874052525
236.96441874052525
236.96441874052525
218.05964588950616
218.05964588950616
218.05964588950616
140.56542292291732
140.56542292291732
140.56542292291732
282.77883063434956
282.77883063434956
282.77883063434956
200.83059304139195
200.83059304139195
200.83059304139195
163.39492537539292
163.39492537539292
163.39492537539292
205.20586321761354
205.20586321761354
205.20586321761354
102.23456597248389
102.23456597248389
102.23456597248389
254.52957627849548
254.52957627849548
254.52957627849548
165.2077065796365
165.2077065796365
165.2077065796365
230.66810867752275
230.66810867752275
230.66810867752275
253.8142699716066
253.8142699716066
253.8142699716066
227.50533610900993
227.50533610900993
227.50533610900993
266.1457818380037
266.1457818380037
266.1457818380037
127.92701511176759
127.92701511176759
127.92701511176759
165.43539268144104
165.43539268144104
165.43539268144104
204.29712770251143
204.29712770251143
204.29712770251143
1853.5076445052366
1853.5076445052366
1853.5076445052366
1800.6462972719987
1800.6462972719987
1800.6462972719987
1925.3065603110742
1925.3065603110742
1925.3065603110742
