164.19060601562234
164.19060601562234
164.19060601562234
81.06411729114272
81.06411729114272
81.06411729114272
147.77622810772743
147.77622810772743
147.77622810772743
265.24829618538934
265.24829618538934
265.24829618538934
134.85630976128732
134.85630976128732
134.85630976128732
310.4807738228157
310.4807738228157
310.4807738228157
279.2633881545739
279.2633881545739
279.2633881545739
193.86402377694202
962.9104878809148
962.9104878809148
962.9104878809148
1161.169669470961
1161.169669470961
1161.169669470961
1717.2039149291834
1717.2039149291834
1717.2039149291834
1476.5646319771936
1476.5646319771936
1476.5646319771936
2095.9751518437074
2095.9751518437074
2095.9751518437074
1863.5319265801509
1863.5319265801509
1863.5319265801509
1341.1108333990267
1341.1108333990267
1341.1108333990267
1227.2998103210348
1227.2998103210348
1227.2998103210348
1345.8944236794366
1345.8944236794366
1345.8944236794366
1080.062397298417
1080.062397298417
1080.062397298417
1423.4854367400717
1423.4854367400717
1423.4854367400717
1700.9899820816934
1700.9899820816934
1700.9899820816934
1559.4467013023072
1559.4467013023072
