258.17560591203375
258.17560591203375
258.17560591203375
258.17560591203375
146.99581235866748
146.99581235866748
146.99581235866748
146.99581235866748
162.1350929857806
162.1350929857806
162.1350929857806
162.1350929857806
106.09643012258026
106.09643012258026
106.09643012258026
106.09643012258026
273.3130440790527
273.3130440790527
273.3130440790527
273.3130440790527
182.2363432651798
182.2363432651798
182.2363432651798
182.2363432651798
180.1327785256473
180.1327785256473
180.1327785256473
180.1327785256473
46.99096503959652
46.99096503959652
46.99096503959652
46.99096503959652
120.6060680533137
120.6060680533137
120.6060680533137
120.6060680533137
220.23833759651114
220.23833759651114
220.23833759651114
220.23833759651114
155.51496807578977
155.51496807578977
155.51496807578977
155.51496807578977
192.17024890252725
192.17024890252725
192.17024890252725
192.17024890252725
395.09516375232613
395.09516375232613
395.09516375232613
395.09516375232613
239.9575088019259
239.9575088019259
239.9575088019259
239.9575088019259
216.199763541175
216.199763541175
216.199763541175
216.199763541175
