1151.0701048008327
1151.0701048008327
1151.0701048008327
1151.0701048008327
1151.0701048008327
1165.485267236494
1165.485267236494
1165.485267236494
1165.485267236494
1165.485267236494
1187.1000572650528
1187.1000572650528
1187.1000572650528
1187.1000572650528
1187.1000572650528
1124.6360703245803
1124.6360703245803
1124.6360703245803
1124.6360703245803
1124.6360703245803
1283.2774789067707
1283.2774789067707
1283.2774789067707
1283.2774789067707
1283.2774789067707
970.4488797608632
970.4488797608632
970.4488797608632
970.4488797608632
970.4488797608632
1204.0950755514411
1204.0950755514411
1204.0950755514411
1204.0950755514411
1204.0950755514411
1204.4810625291477
1204.4810625291477
1204.4810625291477
1204.4810625291477
1204.4810625291477
1057.8074864224532
1057.8074864224532
1057.8074864224532
1057.8074864224532
1057.8074864224532
939.191124338013
939.191124338013
939.191124338013
939.191124338013
939.191124338013
1134.8298629753674
1134.8298629753674
1134.8298629753674
1134.8298629753674
1134.8298629753674
1021.1626501583796
1021.1626501583796
1021.1626501583796
1021.1626501583796
1021.1626501583796
