4273.9044574591135
4273.9044574591135
3362.05670403804
3362.05670403804
6407.308531235391
6407.308531235391
3530.487564602625
3530.487564602625
4739.301764495742
2975.034570500131
2975.034570500131
2248.4508585003828
2248.4508585003828
2881.666172171795
2881.666172171795
2048.020366038153
3831.3828631226943
3831.3828631226943
4023.869084135792
4023.869084135792
5237.649887978647
5237.649887978647
4715.215960899
4715.215960899
4168.034668835571
4168.034668835571
5331.773716612035
5331.773716612035
3144.2404108504084
3144.2404108504084
5309.679236292123
5309.679236292123
4023.6889336376516
4023.6889336376516
3810.517245647973
3810.517245647973
4707.554762747176
4707.554762747176
3786.5739579436763
3786.5739579436763
2359.826264565769
2359.826264565769
2995.4725440402244
2995.4725440402244
4232.633506423223
4232.633506423223
3478.5333150637416
3478.5333150637416
3493.753500861025
3493.753500861025
4420.131161815211
4420.131161815211
4988.74743563489
4988.74743563489
3221.126646767705
3221.126646767705
6194.25418960215
6194.25418960215
4541.179167044003
4541.179167044003
