2126.8795883997923
2126.8795883997923
2126.8795883997923
2126.8795883997923
2126.8795883997923
1737.1304535459515
1737.1304535459515
1737.1304535459515
1737.1304535459515
1737.1304535459515
1926.70225208577
1926.70225208577
1926.70225208577
1926.70225208577
1926.70225208577
3443.387695955611
3443.387695955611
3443.387695955611
3443.387695955611
3443.387695955611
1236.903306066166
1236.903306066166
1236.903306066166
1236.903306066166
1236.903306066166
2035.160839334144
2035.160839334144
2035.160839334144
2035.160839334144
2035.160839334144
2302.0095539387708
2302.0095539387708
2302.0095539387708
2302.0095539387708
2302.0095539387708
2511.12589690799
2511.12589690799
2511.12589690799
2511.12589690799
2511.12589690799
2733.028881686527
2733.028881686527
2733.028881686527
2733.028881686527
2733.028881686527
1847.8600582810375
1847.8600582810375
1847.8600582810375
1847.8600582810375
1847.8600582810375
1665.6800058418917
1665.6800058418917
1665.6800058418917
1665.6800058418917
1665.6800058418917
1857.3106080274401
1857.3106080274401
1857.3106080274401
1857.3106080274401
1857.3106080274401
