2994.6596961670475
2994.6596961670475
2994.6596961670475
2994.6596961670475
2508.757479033727
2508.757479033727
2508.757479033727
2508.757479033727
2887.155696681306
2887.155696681306
2887.155696681306
2887.155696681306
3096.5734692475053
3096.5734692475053
3096.5734692475053
3096.5734692475053
3366.3991150417073
3366.3991150417073
3366.3991150417073
3366.3991150417073
2797.521501811315
2797.521501811315
2797.521501811315
2797.521501811315
3013.4468062291926
3013.4468062291926
3013.4468062291926
3013.4468062291926
3126.4982880180614
3126.4982880180614
3126.4982880180614
3126.4982880180614
3015.8254157411725
3015.8254157411725
3015.8254157411725
3015.8254157411725
3427.2771515599884
3427.2771515599884
3427.2771515599884
3427.2771515599884
2396.230819909711
2396.230819909711
2396.230819909711
2396.230819909711
3076.04595989688
3076.04595989688
3076.04595989688
3076.04595989688
3051.7456262210576
3051.7456262210576
3051.7456262210576
3551.5493575128435
3551.5493575128435
3551.5493575128435
3551.5493575128435
3776.677565482567
3776.677565482567
3776.677565482567
3776.677565482567
3424.2482788142875
