2468.1050175458513
2468.1050175458513
2468.1050175458513
2468.1050175458513
2468.1050175458513
2558.732785358545
2558.732785358545
2558.732785358545
2558.732785358545
2558.732785358545
2316.642488618142
2316.642488618142
2316.642488618142
2316.642488618142
2316.642488618142
2349.963400956739
2349.963400956739
2349.963400956739
2349.963400956739
2349.963400956739
2698.8977022483004
2698.8977022483004
2698.8977022483004
2698.8977022483004
2698.8977022483004
2413.7067680931973
2413.7067680931973
2413.7067680931973
2413.7067680931973
2413.7067680931973
2716.892960375596
2716.892960375596
2716.892960375596
2716.892960375596
2716.892960375596
2659.836539614478
2659.836539614478
2659.836539614478
2659.836539614478
2659.836539614478
2349.399265706532
2349.399265706532
2349.399265706532
2349.399265706532
2349.399265706532
2614.7124425882234
2614.7124425882234
2614.7124425882234
2614.7124425882234
2614.7124425882234
2486.475058871197
2486.475058871197
2486.475058871197
2486.475058871197
2486.475058871197
2710.559290266897
2710.559290266897
2710.559290266897
2710.559290266897
2710.559290266897
