198.02385826426678
198.02385826426678
198.02385826426678
196.30035763571723
196.30035763571723
196.30035763571723
224.29953151164483
224.29953151164483
224.29953151164483
168.1468491956847
651.1465289295754
651.1465289295754
651.1465289295754
699.3207897090948
699.3207897090948
699.3207897090948
632.2453132407596
632.2453132407596
632.2453132407596
659.2046870283286
659.2046870283286
659.2046870283286
692.4031763995555
692.4031763995555
692.4031763995555
644.8146453304909
644.8146453304909
644.8146453304909
658.2344202038092
658.2344202038092
658.2344202038092
700.0431461736969
700.0431461736969
700.0431461736969
715.7056351129354
715.7056351129354
715.7056351129354
681.3763065258136
681.3763065258136
681.3763065258136
675.0655460229101
675.0655460229101
675.0655460229101
630.9789344857979
630.9789344857979
630.9789344857979
648.0112663715134
648.0112663715134
648.0112663715134
622.8879840126488
622.8879840126488
622.8879840126488
672.9044047286768
672.9044047286768
672.9044047286768
666.1633252000233
666.1633252000233
666.1633252000233
511.71157067942823
511.71157067942823
