1003.3078227295159
1003.3078227295159
1003.3078227295159
1003.3078227295159
1003.3078227295159
1146.663415719094
1146.663415719094
1146.663415719094
1146.663415719094
1146.663415719094
2530.9133483415108
2996.2711133438725
2996.2711133438725
2996.2711133438725
2996.2711133438725
2996.2711133438725
2762.231303605398
2762.231303605398
2762.231303605398
2762.231303605398
2762.231303605398
2646.044339011031
2646.044339011031
2646.044339011031
2284.784821334495
2284.784821334495
2284.784821334495
2284.784821334495
2284.784821334495
2157.0335795791107
2157.0335795791107
2157.0335795791107
2157.0335795791107
2157.0335795791107
1987.0290562024882
1987.0290562024882
1987.0290562024882
1987.0290562024882
1987.0290562024882
1720.8352849888338
1720.8352849888338
1720.8352849888338
1720.8352849888338
1720.8352849888338
2275.1579181170796
2275.1579181170796
2275.1579181170796
2275.1579181170796
2275.1579181170796
1907.6818104268696
1907.6818104268696
1907.6818104268696
1907.6818104268696
1907.6818104268696
1433.008015472403
4424.783508992016
4424.783508992016
4424.783508992016
4424.783508992016
4424.783508992016
