1623.32686969087
1623.32686969087
1623.32686969087
1623.32686969087
1623.32686969087
1661.4738146447814
1661.4738146447814
1661.4738146447814
1661.4738146447814
1661.4738146447814
1790.162932798812
1790.162932798812
1790.162932798812
1790.162932798812
1790.162932798812
2641.351031780949
2641.351031780949
2641.351031780949
2641.351031780949
2641.351031780949
2127.2580405961176
2127.2580405961176
2127.2580405961176
2127.2580405961176
2127.2580405961176
2601.489051913348
2601.489051913348
2601.489051913348
2601.489051913348
2601.489051913348
3094.610233898453
3094.610233898453
3094.610233898453
3094.610233898453
3094.610233898453
1982.7281960690946
1982.7281960690946
1982.7281960690946
1982.7281960690946
1982.7281960690946
2453.719063534221
2453.719063534221
2453.719063534221
2453.719063534221
2453.719063534221
1037.023252860068
1037.023252860068
1037.023252860068
1037.023252860068
1037.023252860068
1230.4899746432434
1230.4899746432434
1230.4899746432434
1230.4899746432434
1230.4899746432434
286.54441236042874
286.54441236042874
286.54441236042874
2394.016494039865
2394.016494039865
