1216.7167164981738
1216.7167164981738
1216.7167164981738
752.0258587391907
752.0258587391907
752.0258587391907
2546.920428159843
2546.920428159843
2546.920428159843
673.7955285353494
673.7955285353494
673.7955285353494
3255.293720548596
3255.293720548596
3255.293720548596
1943.1089771869827
1943.1089771869827
1943.1089771869827
580.1417122629182
580.1417122629182
580.1417122629182
2051.425261769886
2051.425261769886
2051.425261769886
1867.8433134821357
1867.8433134821357
1867.8433134821357
3149.5577252689523
3149.5577252689523
3149.5577252689523
1657.7484981626562
1657.7484981626562
1657.7484981626562
2489.8137843825093
2489.8137843825093
2489.8137843825093
1770.8963264715674
1770.8963264715674
1770.8963264715674
1001.3771252982184
1001.3771252982184
1001.3771252982184
1390.698183848126
1390.698183848126
1390.698183848126
2432.330381883675
2432.330381883675
2432.330381883675
823.8183641538445
823.8183641538445
823.8183641538445
1938.5190162874205
1938.5190162874205
1938.5190162874205
1124.450698058658
1124.450698058658
1124.450698058658
481.97091034652294
481.97091034652294
481.97091034652294
