1179.2055832065428
1179.2055832065428
1179.2055832065428
1236.5955342693544
1236.5955342693544
1236.5955342693544
1031.2976289762478
1031.2976289762478
1031.2976289762478
996.4184225008173
996.4184225008173
996.4184225008173
591.1270314862821
591.1270314862821
591.1270314862821
1336.0421423379444
1336.0421423379444
1336.0421423379444
722.3110313320908
722.3110313320908
722.3110313320908
504.0400713125647
504.0400713125647
504.0400713125647
1749.797148686455
1749.797148686455
1749.797148686455
950.1660121973428
950.1660121973428
950.1660121973428
1160.2178029122604
1160.2178029122604
1160.2178029122604
1335.3181983324446
1335.3181983324446
1335.3181983324446
959.50920853251
959.50920853251
959.50920853251
546.0156257910314
546.0156257910314
546.0156257910314
1322.6920596054467
1322.6920596054467
1322.6920596054467
1294.8188495969882
1294.8188495969882
1294.8188495969882
1865.9819414394756
1865.9819414394756
1865.9819414394756
833.8939207085243
833.8939207085243
833.8939207085243
1558.367433294226
1558.367433294226
1558.367433294226
422.53329257742314
422.53329257742314
422.53329257742314
