4743.644388499055
4743.644388499055
4743.644388499055
4743.644388499055
4743.644388499055
4762.197702398067
4762.197702398067
4762.197702398067
4762.197702398067
4762.197702398067
3657.534433670815
3657.534433670815
3657.534433670815
3657.534433670815
3657.534433670815
1071.762109714391
1071.762109714391
1071.762109714391
1071.762109714391
1071.762109714391
1964.27110664183
1964.27110664183
1964.27110664183
1964.27110664183
1964.27110664183
3649.449028803834
3649.449028803834
3649.449028803834
3649.449028803834
3649.449028803834
2962.960859992065
2962.960859992065
2962.960859992065
2962.960859992065
2962.960859992065
4540.988907181888
4540.988907181888
4540.988907181888
4540.988907181888
4540.988907181888
3516.6533790137405
3516.6533790137405
3516.6533790137405
3516.6533790137405
3516.6533790137405
1900.5584472485045
1900.5584472485045
1900.5584472485045
1900.5584472485045
1900.5584472485045
2691.372070576479
2691.372070576479
2691.372070576479
2691.372070576479
2691.372070576479
1703.1669544132635
1703.1669544132635
1703.1669544132635
1703.1669544132635
1703.1669544132635
