675.4884912422278
675.4884912422278
675.4884912422278
675.4884912422278
675.4884912422278
594.7653886319923
594.7653886319923
594.7653886319923
594.7653886319923
594.7653886319923
2353.7586316920188
2353.7586316920188
2353.7586316920188
2353.7586316920188
2353.7586316920188
1319.0839714730562
1319.0839714730562
1319.0839714730562
1319.0839714730562
1319.0839714730562
1176.7666270299287
1176.7666270299287
1176.7666270299287
1176.7666270299287
1176.7666270299287
1161.921999041253
1161.921999041253
1161.921999041253
1161.921999041253
1161.921999041253
957.487165885431
957.487165885431
957.487165885431
957.487165885431
957.487165885431
518.7945936466933
518.7945936466933
518.7945936466933
518.7945936466933
518.7945936466933
1270.7090454419342
1270.7090454419342
1270.7090454419342
1270.7090454419342
1270.7090454419342
1661.8756392069904
1661.8756392069904
1661.8756392069904
1661.8756392069904
1661.8756392069904
1521.4429689532237
1521.4429689532237
1521.4429689532237
1521.4429689532237
1521.4429689532237
1768.0687228846864
1768.0687228846864
1768.0687228846864
1768.0687228846864
1768.0687228846864
