637.0257892690182
637.0257892690182
637.0257892690182
637.0257892690182
5138.399839253298
5138.399839253298
5138.399839253298
5138.399839253298
3757.0180116714932
3757.0180116714932
3757.0180116714932
3757.0180116714932
6544.608085475662
6544.608085475662
6544.608085475662
6544.608085475662
4847.026811786171
4847.026811786171
4847.026811786171
4847.026811786171
4230.7152765855535
4230.7152765855535
4230.7152765855535
4230.7152765855535
2580.975102204109
2580.975102204109
2580.975102204109
2580.975102204109
3369.8132094049406
3369.8132094049406
3369.8132094049406
3369.8132094049406
3572.0964883878687
3572.0964883878687
3572.0964883878687
3572.0964883878687
3709.6268936622587
3709.6268936622587
3709.6268936622587
3709.6268936622587
3496.850257841032
3496.850257841032
3496.850257841032
3496.850257841032
4495.95546196276
4495.95546196276
4495.95546196276
4495.95546196276
4078.575543439026
4078.575543439026
4078.575543439026
4078.575543439026
3576.3931578644824
3576.3931578644824
3576.3931578644824
3576.3931578644824
5976.935791458078
5976.935791458078
5976.935791458078
5976.935791458078
