2296.32532185714
2296.32532185714
2296.32532185714
2296.32532185714
2445.899313028999
2445.899313028999
2445.899313028999
2445.899313028999
2261.5045219387225
2261.5045219387225
2261.5045219387225
2261.5045219387225
1596.1126229857023
1596.1126229857023
1596.1126229857023
1596.1126229857023
2319.797314937635
2319.797314937635
2319.797314937635
5018.836878565692
5018.836878565692
5018.836878565692
5018.836878565692
3057.6980232485703
3057.6980232485703
3057.6980232485703
3057.6980232485703
2518.8838034223536
2518.8838034223536
2518.8838034223536
2518.8838034223536
3742.1728094547475
3742.1728094547475
1199.6945281115425
1199.6945281115425
1199.6945281115425
1199.6945281115425
1370.8348416518652
1370.8348416518652
1370.8348416518652
1370.8348416518652
210.22257022108454
210.22257022108454
210.22257022108454
210.22257022108454
171.60881455700962
171.60881455700962
171.60881455700962
171.60881455700962
243.905405139531
243.905405139531
243.905405139531
243.905405139531
174.7747974063965
174.7747974063965
174.7747974063965
174.7747974063965
191.0451799042281
191.0451799042281
191.0451799042281
