1084.235017770644
1084.235017770644
1330.5762903085727
1330.5762903085727
1443.3946964388588
1443.3946964388588
1188.8637583110399
1188.8637583110399
666.8811119311787
666.8811119311787
725.1380637646382
1087.3163683908617
1087.3163683908617
1571.9521055312566
1571.9521055312566
1514.1711439344529
1514.1711439344529
1954.8437088005753
1954.8437088005753
1273.605954564613
1273.605954564613
1090.0279139831869
1090.0279139831869
1610.5880412813497
1610.5880412813497
1767.9879591186225
1767.9879591186225
1839.0187207012193
1839.0187207012193
2516.6788312169924
2516.6788312169924
1504.6759519453494
1504.6759519453494
1938.5793027225016
1938.5793027225016
195.1814569590706
195.1814569590706
1791.2150717602276
1791.2150717602276
2975.3918770996947
2975.3918770996947
804.6689077600975
804.6689077600975
1628.44798161225
1628.44798161225
2415.204700070911
2415.204700070911
2313.5162223000107
2313.5162223000107
756.5656281775217
756.5656281775217
1611.432922996658
1611.432922996658
2347.3319694423885
2347.3319694423885
2587.793375915011
2587.793375915011
1242.7893254157846
1242.7893254157846
1742.8602056347477
