2669.1379992376087
2669.1379992376087
3468.078399460249
3468.078399460249
129.27769461612525
129.27769461612525
2002.060211257181
2002.060211257181
3265.666939189688
3265.666939189688
2894.662306656335
2894.662306656335
5587.918914850223
5587.918914850223
1900.0788013266103
1900.0788013266103
2796.0182531001665
2796.0182531001665
2819.973742387116
2819.973742387116
2004.374138294284
2004.374138294284
3129.5795552362106
3129.5795552362106
2313.3217410956627
2313.3217410956627
1786.8503757715218
1786.8503757715218
2682.1379564613862
2682.1379564613862
2181.1936489965924
2181.1936489965924
3397.3347113322734
3397.3347113322734
3050.741990726376
3050.741990726376
4162.653989368354
4162.653989368354
3416.6428788116145
3416.6428788116145
2551.1231396319545
2551.1231396319545
4837.108623983195
4837.108623983195
1443.4822220028468
1443.4822220028468
2561.1518876952405
2561.1518876952405
2789.731712466721
2789.731712466721
2862.7525230590572
2862.7525230590572
2647.353826440609
2647.353826440609
1694.9134034533006
1694.9134034533006
4216.569509342053
4216.569509342053
2962.0397792610847
2962.0397792610847
