1679.9684058011296
1679.9684058011296
1679.9684058011296
1602.4653224609117
1602.4653224609117
1602.4653224609117
1732.1606342494051
1732.1606342494051
1732.1606342494051
1532.4801899910258
1532.4801899910258
1532.4801899910258
1475.9960511202025
1475.9960511202025
1475.9960511202025
1588.3092112885151
1588.3092112885151
1588.3092112885151
1519.3969372245806
1519.3969372245806
1519.3969372245806
1654.5035486003187
1654.5035486003187
1654.5035486003187
1383.8798428483583
1383.8798428483583
1383.8798428483583
1361.498931771157
1361.498931771157
1361.498931771157
1670.80420029911
1670.80420029911
1670.80420029911
1374.950991514435
1374.950991514435
1374.950991514435
1603.4942784734733
1603.4942784734733
1603.4942784734733
1291.775585134408
1291.775585134408
1291.775585134408
1430.178947745196
1430.178947745196
1430.178947745196
1072.763481806008
1072.763481806008
1072.763481806008
1556.8776256283732
1556.8776256283732
1556.8776256283732
1463.736039647935
1463.736039647935
1463.736039647935
1635.7877900282472
1635.7877900282472
1635.7877900282472
1448.2727030017184
1448.2727030017184
1448.2727030017184
