1397.9819934983973
1397.9819934983973
1323.1861987975628
1323.1861987975628
1651.6451127664575
1651.6451127664575
1789.7105411398645
1789.7105411398645
1844.3092887208472
1844.3092887208472
1844.9964135114324
1844.9964135114324
1211.0409154045255
1211.0409154045255
1820.4244852086595
1820.4244852086595
911.5420713289566
911.5420713289566
2387.191196729139
2387.191196729139
1796.8603305061804
1796.8603305061804
5105.79643172835
5105.79643172835
4769.205499669131
4769.205499669131
2144.249267778916
2144.249267778916
1638.3636615559658
1638.3636615559658
2783.7347540006567
2783.7347540006567
2178.867135824921
2178.867135824921
2581.361809238643
2581.361809238643
3016.717013035458
3016.717013035458
2526.2379973283587
2526.2379973283587
1910.412630122165
1910.412630122165
2765.4415324360734
2765.4415324360734
4993.2168208074545
4993.2168208074545
2675.267745815566
2675.267745815566
5399.939541623578
5399.939541623578
4928.867184495058
4928.867184495058
5053.282493980694
5053.282493980694
3573.2516986486103
3573.2516986486103
3096.5878274100473
3096.5878274100473
2348.9160037220267
2348.9160037220267
