1265.0309565090074
1265.0309565090074
1265.0309565090074
801.057062825631
801.057062825631
801.057062825631
852.9901239635388
852.9901239635388
852.9901239635388
592.5974296590928
592.5974296590928
592.5974296590928
997.1175263505597
997.1175263505597
997.1175263505597
786.7586693501358
786.7586693501358
786.7586693501358
1017.2266541170611
1017.2266541170611
1017.2266541170611
516.7083681420005
516.7083681420005
516.7083681420005
616.8395573478135
616.8395573478135
194.37838933836386
194.37838933836386
194.37838933836386
183.5168574173005
183.5168574173005
183.5168574173005
39.746521320239765
39.746521320239765
39.746521320239765
161.8034149770853
161.8034149770853
161.8034149770853
296.82301192763225
296.82301192763225
296.82301192763225
109.91949290602547
109.91949290602547
109.91949290602547
198.3401825849124
198.3401825849124
198.3401825849124
203.8195805736724
203.8195805736724
203.8195805736724
110.9514470334527
110.9514470334527
110.9514470334527
107.03632721725883
107.03632721725883
107.03632721725883
226.7968665061568
226.7968665061568
226.7968665061568
106.95103697024334
