548.2169369870471
548.2169369870471
727.4044685444093
727.4044685444093
766.454743502925
766.454743502925
691.5459641323561
691.5459641323561
551.9043357104132
551.9043357104132
620.4493546411722
620.4493546411722
632.0994093323213
632.0994093323213
519.6460475116224
519.6460475116224
609.2572011495172
609.2572011495172
784.0968686690649
784.0968686690649
598.0051747271391
598.0051747271391
658.3487825226291
658.3487825226291
669.2491714626212
669.2491714626212
603.5610929413967
603.5610929413967
594.2299097206694
594.2299097206694
653.849696263779
653.849696263779
690.3135009328764
690.3135009328764
614.7738978668417
614.7738978668417
678.8560448062229
678.8560448062229
749.2587147837899
749.2587147837899
906.1562244015444
906.1562244015444
546.8197535348088
546.8197535348088
672.6031904319082
672.6031904319082
577.5015708705873
577.5015708705873
838.5734454332998
838.5734454332998
686.9467432326771
686.9467432326771
584.3204833462635
584.3204833462635
704.6313702435674
704.6313702435674
838.8643991487156
838.8643991487156
748.1207882954129
748.1207882954129
