4269.362445269468
4269.362445269468
4269.362445269468
4269.362445269468
2137.983123060433
2137.983123060433
2137.983123060433
2137.983123060433
3341.2833302071754
3341.2833302071754
3341.2833302071754
3341.2833302071754
2932.2736719708278
2932.2736719708278
2932.2736719708278
2932.2736719708278
3522.7509164351436
3522.7509164351436
3522.7509164351436
3522.7509164351436
2091.62271119694
2091.62271119694
2091.62271119694
2091.62271119694
2027.7342582364302
2027.7342582364302
2027.7342582364302
2027.7342582364302
4486.460852803417
4486.460852803417
4486.460852803417
4486.460852803417
3291.2799161237676
3291.2799161237676
3291.2799161237676
3291.2799161237676
3212.6084576684534
3212.6084576684534
3212.6084576684534
3212.6084576684534
2118.5662703435337
2118.5662703435337
2118.5662703435337
2118.5662703435337
1408.877917159388
1408.877917159388
1408.877917159388
1408.877917159388
3537.7289359745387
1256.666415952419
1256.666415952419
1256.666415952419
1256.666415952419
1605.1856534656115
1605.1856534656115
1605.1856534656115
1605.1856534656115
1635.475614228072
1635.475614228072
1635.475614228072
