772.6645315804652
772.6645315804652
2184.0079417163756
2184.0079417163756
2184.0079417163756
2681.488459897272
2681.488459897272
2681.488459897272
2792.0563307949524
2792.0563307949524
2792.0563307949524
189.67312283472847
189.67312283472847
189.67312283472847
1546.7324399801232
1546.7324399801232
1546.7324399801232
844.8268204557364
2671.34861008032
2671.34861008032
2671.34861008032
5013.028710989905
5013.028710989905
5013.028710989905
3227.1233229694603
3227.1233229694603
3227.1233229694603
4551.835334248362
4551.835334248362
4551.835334248362
3266.7108062858592
3266.7108062858592
3266.7108062858592
5341.9116241414695
5341.9116241414695
5341.9116241414695
7027.92291776946
7027.92291776946
7027.92291776946
5901.113497135827
5901.113497135827
5901.113497135827
3700.1959873834408
3700.1959873834408
3700.1959873834408
3762.0975414589166
3762.0975414589166
3762.0975414589166
2090.8458425732283
2090.8458425732283
2090.8458425732283
4388.919090659109
4388.919090659109
4388.919090659109
7282.957577401294
7282.957577401294
7282.957577401294
4200.688224630887
4200.688224630887
4200.688224630887
