182.36203044444252
182.36203044444252
182.36203044444252
237.98608336552547
237.98608336552547
237.98608336552547
155.20878355740444
155.20878355740444
155.20878355740444
175.26866680903828
175.26866680903828
175.26866680903828
204.61548457223438
204.61548457223438
204.61548457223438
196.08240445447217
196.08240445447217
196.08240445447217
204.64977031088793
204.64977031088793
204.64977031088793
219.53094461333922
219.53094461333922
219.53094461333922
159.56921965920924
159.56921965920924
159.56921965920924
200.4817048593037
200.4817048593037
200.4817048593037
168.69797896789828
168.69797896789828
168.69797896789828
207.68991900435353
207.68991900435353
207.68991900435353
215.81447252648587
215.81447252648587
215.81447252648587
245.96712081124903
245.96712081124903
245.96712081124903
251.5337088777731
251.5337088777731
251.5337088777731
254.56967488150042
254.56967488150042
254.56967488150042
146.03951625554848
146.03951625554848
146.03951625554848
209.79223002865427
209.79223002865427
209.79223002865427
242.30509649037282
242.30509649037282
242.30509649037282
155.81065256242925
155.81065256242925
155.81065256242925
