1726.0569680643816
1726.0569680643816
1726.0569680643816
1726.0569680643816
1018.2235461147204
1018.2235461147204
1018.2235461147204
1018.2235461147204
1451.6549547889192
1451.6549547889192
1451.6549547889192
1451.6549547889192
2868.2717573702785
2868.2717573702785
2868.2717573702785
2868.2717573702785
2242.3180642504944
2242.3180642504944
2242.3180642504944
2242.3180642504944
2060.4436454251168
2060.4436454251168
2060.4436454251168
2060.4436454251168
3006.1263193160253
3006.1263193160253
3006.1263193160253
3006.1263193160253
2708.8906084122673
2708.8906084122673
2708.8906084122673
2708.8906084122673
751.248847259616
751.248847259616
751.248847259616
751.248847259616
2521.461934176828
2521.461934176828
2521.461934176828
2521.461934176828
1637.2246889737596
1637.2246889737596
1637.2246889737596
1637.2246889737596
2053.939304309467
2053.939304309467
2053.939304309467
2053.939304309467
813.2065265896249
813.2065265896249
813.2065265896249
813.2065265896249
1564.0183413200793
2637.3171700738485
2637.3171700738485
2637.3171700738485
2637.3171700738485
3318.9774811987763
3318.9774811987763
3318.9774811987763
