1337.8003400564817
1337.8003400564817
1337.8003400564817
1337.8003400564817
1018.8453077632996
1018.8453077632996
1018.8453077632996
1018.8453077632996
3781.594063519277
3781.594063519277
3781.594063519277
3781.594063519277
1551.6041621117008
1551.6041621117008
1551.6041621117008
1551.6041621117008
2127.9959058695194
2127.9959058695194
2127.9959058695194
2127.9959058695194
894.9604697169311
894.9604697169311
894.9604697169311
894.9604697169311
1239.061879127261
1239.061879127261
1239.061879127261
1239.061879127261
1404.5446859677381
1404.5446859677381
1404.5446859677381
1404.5446859677381
2331.9432275253102
2331.9432275253102
2331.9432275253102
2331.9432275253102
167.94456725816812
167.94456725816812
167.94456725816812
167.94456725816812
288.65906116925925
288.65906116925925
288.65906116925925
288.65906116925925
375.9870318744463
375.9870318744463
375.9870318744463
375.9870318744463
71.19700008820851
71.19700008820851
3347.754232841426
3347.754232841426
3347.754232841426
3347.754232841426
3160.127529012811
3160.127529012811
3160.127529012811
3160.127529012811
0.1
0.1
