1807.5624378788439
1807.5624378788439
1807.5624378788439
1807.5624378788439
1807.5624378788439
1820.889271343863
1820.889271343863
1820.889271343863
1820.889271343863
1820.889271343863
2564.1939699974605
2564.1939699974605
2564.1939699974605
2564.1939699974605
2564.1939699974605
1573.331490820303
1573.331490820303
1573.331490820303
1573.331490820303
1573.331490820303
2284.4433563693283
2284.4433563693283
2284.4433563693283
2284.4433563693283
2284.4433563693283
890.9364318027331
890.9364318027331
890.9364318027331
890.9364318027331
890.9364318027331
856.3240473392991
856.3240473392991
856.3240473392991
856.3240473392991
856.3240473392991
722.0071980732683
722.0071980732683
722.0071980732683
722.0071980732683
722.0071980732683
470.1555119254317
470.1555119254317
470.1555119254317
470.1555119254317
470.1555119254317
459.6488715263152
459.6488715263152
459.6488715263152
459.6488715263152
459.6488715263152
901.6815861540016
901.6815861540016
901.6815861540016
901.6815861540016
901.6815861540016
782.4916908524674
782.4916908524674
782.4916908524674
782.4916908524674
782.4916908524674
