4152.602250399928
4152.602250399928
4583.854637243064
4583.854637243064
5050.349714293407
5050.349714293407
6578.3516578579365
6578.3516578579365
6750.927998636576
6750.927998636576
5005.231971752483
5005.231971752483
4636.7489255049895
4636.7489255049895
2509.1908952930107
2509.1908952930107
1951.7757358198733
1951.7757358198733
5032.010443590031
5032.010443590031
3786.759578936471
3786.759578936471
4623.018912122222
4623.018912122222
7210.4870779192515
7210.4870779192515
2577.3353983046054
2577.3353983046054
6071.536051827317
6071.536051827317
3384.411097239374
3384.411097239374
3935.224768261783
3935.224768261783
4691.719542287558
4691.719542287558
2757.6995842295455
2757.6995842295455
5315.134529436618
5315.134529436618
4681.459433735656
4681.459433735656
5112.923652966404
5112.923652966404
4314.903661147113
4314.903661147113
4141.177682828544
4141.177682828544
6483.017395451581
6483.017395451581
2943.0235956260562
2943.0235956260562
3357.873771019249
3357.873771019249
2330.5445602034733
2330.5445602034733
4047.1495759002596
3604.3037972472193
3604.3037972472193
3802.298924903127
