250.0917336129323
250.0917336129323
250.0917336129323
250.0917336129323
257.93554534064185
257.93554534064185
257.93554534064185
3211.8605900512293
809.684146707101
809.684146707101
809.684146707101
809.684146707101
352.6761965238053
352.6761965238053
352.6761965238053
352.6761965238053
597.9239356525151
597.9239356525151
597.9239356525151
597.9239356525151
586.5683514385021
586.5683514385021
586.5683514385021
586.5683514385021
958.5871719930832
958.5871719930832
958.5871719930832
3028.1161855662704
3028.1161855662704
3028.1161855662704
3028.1161855662704
2308.2153061427002
2308.2153061427002
2308.2153061427002
2308.2153061427002
3114.6796255736112
3114.6796255736112
3114.6796255736112
3114.6796255736112
2637.961785017181
2637.961785017181
2637.961785017181
2637.961785017181
3292.6021643488584
3292.6021643488584
3292.6021643488584
3292.6021643488584
3612.7238284373116
3612.7238284373116
3612.7238284373116
3612.7238284373116
3948.391769524401
3948.391769524401
3948.391769524401
3948.391769524401
4818.727177285977
4818.727177285977
4818.727177285977
4818.727177285977
4612.828679668549
