1567.2771283768523
1567.2771283768523
1567.2771283768523
1452.3496065207762
1452.3496065207762
1452.3496065207762
1434.7899546641956
1434.7899546641956
1434.7899546641956
1659.8501590084775
1659.8501590084775
1659.8501590084775
1598.728892938556
1598.728892938556
1598.728892938556
1536.837496966373
1536.837496966373
1536.837496966373
1281.55469786569
1281.55469786569
1281.55469786569
1629.2775548861398
1629.2775548861398
1629.2775548861398
1560.8633672520602
1560.8633672520602
1560.8633672520602
1489.4639664235556
1489.4639664235556
1489.4639664235556
1563.8912089540627
1563.8912089540627
1563.8912089540627
1478.760532441478
1478.760532441478
1478.760532441478
1642.1569216643447
1642.1569216643447
1642.1569216643447
1547.606535480012
1547.606535480012
1547.606535480012
1713.8132008952646
1713.8132008952646
1713.8132008952646
1561.3549827097565
1561.3549827097565
1561.3549827097565
1576.56478876056
1576.56478876056
1576.56478876056
1342.332561046895
1342.332561046895
1342.332561046895
1504.4586639421727
1504.4586639421727
1504.4586639421727
1551.779245559479
1551.779245559479
1551.779245559479
