1993.1104917613416
1993.1104917613416
1993.1104917613416
1993.1104917613416
2672.304654445449
2672.304654445449
2672.304654445449
2672.304654445449
4237.441761814687
4237.441761814687
4237.441761814687
4237.441761814687
2669.6794018425417
2669.6794018425417
2669.6794018425417
2669.6794018425417
3264.611532778316
3264.611532778316
3264.611532778316
3264.611532778316
3195.574230001919
3195.574230001919
3195.574230001919
3195.574230001919
4692.919599961613
4692.919599961613
4692.919599961613
4692.919599961613
4770.384469541378
4770.384469541378
4325.243299663817
1407.3390677505695
1407.3390677505695
1407.3390677505695
1407.3390677505695
1999.3599072556963
1999.3599072556963
1999.3599072556963
1999.3599072556963
2972.5361906757016
2972.5361906757016
2972.5361906757016
2551.7439374901833
2551.7439374901833
2551.7439374901833
2551.7439374901833
1963.2902579284566
1963.2902579284566
1963.2902579284566
1963.2902579284566
2485.7631961299926
2485.7631961299926
2485.7631961299926
2485.7631961299926
2189.4931145370633
2189.4931145370633
2189.4931145370633
2189.4931145370633
3101.1253697389047
3101.1253697389047
