2123.2893526709813
2123.2893526709813
2123.2893526709813
2123.2893526709813
2123.2893526709813
4264.727045156617
4264.727045156617
4264.727045156617
4264.727045156617
4264.727045156617
2583.7970413877933
2583.7970413877933
2583.7970413877933
2583.7970413877933
2583.7970413877933
2905.2632596000212
2905.2632596000212
2905.2632596000212
2905.2632596000212
2905.2632596000212
4416.384091582177
4416.384091582177
4416.384091582177
4416.384091582177
4416.384091582177
1327.8953152686352
1327.8953152686352
1327.8953152686352
1327.8953152686352
1327.8953152686352
2978.0518934538322
2978.0518934538322
2978.0518934538322
2978.0518934538322
2978.0518934538322
1133.5850728357914
1133.5850728357914
1133.5850728357914
1133.5850728357914
1133.5850728357914
3740.375024872943
3740.375024872943
3740.375024872943
3740.375024872943
3740.375024872943
2936.751959383539
2936.751959383539
2936.751959383539
2936.751959383539
2936.751959383539
1901.4028204161891
1901.4028204161891
4203.312906468885
4203.312906468885
4203.312906468885
4203.312906468885
4203.312906468885
2994.323849570807
2994.323849570807
2994.323849570807
