4029.854557339298
4029.854557339298
4029.854557339298
4029.854557339298
5413.213217405544
5413.213217405544
5413.213217405544
5413.213217405544
3571.426810470804
3571.426810470804
3571.426810470804
3571.426810470804
4848.474605784044
4848.474605784044
4848.474605784044
4848.474605784044
3983.3515189388095
3983.3515189388095
3983.3515189388095
3983.3515189388095
4353.960497019686
4353.960497019686
4353.960497019686
4353.960497019686
4716.48262315333
4716.48262315333
4716.48262315333
4716.48262315333
4180.319741184735
4180.319741184735
1539.7182852826331
1539.7182852826331
1539.7182852826331
3560.938117434476
3560.938117434476
3560.938117434476
3560.938117434476
3743.86928088614
3743.86928088614
3743.86928088614
3743.86928088614
4023.636909780143
4023.636909780143
4023.636909780143
4023.636909780143
3290.0706517900426
3290.0706517900426
3290.0706517900426
3290.0706517900426
3599.652136284658
3599.652136284658
3599.652136284658
3599.652136284658
3386.8787851914617
3386.8787851914617
3386.8787851914617
3386.8787851914617
3929.353591216981
3929.353591216981
3929.353591216981
