3938.762758227237
3938.762758227237
3391.3998355725835
3391.3998355725835
4683.21725592007
4683.21725592007
2907.3255440409234
2907.3255440409234
4675.090120314571
4675.090120314571
287.0293153059547
287.0293153059547
850.3035668912227
850.3035668912227
163.02763411223248
163.02763411223248
637.6474992410276
637.6474992410276
2880.223535020147
2880.223535020147
4448.82909767492
4448.82909767492
4190.382026573023
4190.382026573023
3353.404986486137
3353.404986486137
2061.957199625354
2061.957199625354
5844.882749546794
5844.882749546794
1906.8306729903004
1906.8306729903004
3403.4932097283863
3403.4932097283863
2630.730534732043
2630.730534732043
4869.476395903923
4869.476395903923
4002.375511507191
4002.375511507191
4576.090971119229
4576.090971119229
2684.944266718829
2684.944266718829
2255.6046682470223
2255.6046682470223
4359.876406077087
4359.876406077087
2988.371981650211
2988.371981650211
1980.9427401547605
1980.9427401547605
5592.039895819713
5592.039895819713
4623.395091670039
4623.395091670039
807.396338227134
807.396338227134
5219.534020283157
2263.706360541816
