2409.4390595283185
2409.4390595283185
2409.4390595283185
2452.652526585206
2452.652526585206
2452.652526585206
2636.414123581122
2636.414123581122
2636.414123581122
1923.8661020579764
1923.8661020579764
1923.8661020579764
993.8854936630594
993.8854936630594
993.8854936630594
1844.9970896927143
1844.9970896927143
1844.9970896927143
2066.506451783864
2066.506451783864
2066.506451783864
1627.7910524955555
1627.7910524955555
1627.7910524955555
2147.660336165429
2147.660336165429
2147.660336165429
2111.7827764002036
2111.7827764002036
2111.7827764002036
1611.011175284883
1611.011175284883
1611.011175284883
1138.9177245290412
1138.9177245290412
1138.9177245290412
2065.2731265436387
2065.2731265436387
2065.2731265436387
1993.3360119561053
1993.3360119561053
1993.3360119561053
2121.965239694637
2121.965239694637
2121.965239694637
2336.836038799523
2336.836038799523
2336.836038799523
2186.092451302301
2186.092451302301
2186.092451302301
2953.173693457209
2953.173693457209
2953.173693457209
1868.6809899375114
1868.6809899375114
1868.6809899375114
2545.3924543620233
2545.3924543620233
2545.3924543620233
