1652.0628587271165
1652.0628587271165
1652.0628587271165
908.483472560674
908.483472560674
908.483472560674
1521.0378001244928
1521.0378001244928
1521.0378001244928
1799.1339704516135
1799.1339704516135
1799.1339704516135
913.6972658216775
913.6972658216775
913.6972658216775
2907.2269644592848
2907.2269644592848
2907.2269644592848
2565.3783477716815
2565.3783477716815
2565.3783477716815
1032.4530409482948
1032.4530409482948
1032.4530409482948
919.899027159692
919.899027159692
919.899027159692
677.7737062538104
677.7737062538104
677.7737062538104
804.0476185546157
804.0476185546157
804.0476185546157
833.0812487276245
833.0812487276245
833.0812487276245
342.81266493268816
342.81266493268816
342.81266493268816
767.4166020154817
767.4166020154817
767.4166020154817
687.362892770744
687.362892770744
687.362892770744
957.30311193321
957.30311193321
957.30311193321
545.4886601028794
545.4886601028794
545.4886601028794
616.3797465222996
616.3797465222996
616.3797465222996
898.5188451598099
898.5188451598099
898.5188451598099
883.0860096195703
883.0860096195703
883.0860096195703
