191.5712857777544
191.5712857777544
254.14249329757806
254.14249329757806
268.4503402381051
268.4503402381051
198.34719087549766
198.34719087549766
183.86526527010957
183.86526527010957
223.91595953998845
223.91595953998845
222.82502463751456
222.82502463751456
153.74648455897963
153.74648455897963
180.05854844068128
180.05854844068128
234.84436474041226
234.84436474041226
208.7458275066938
208.7458275066938
177.653639164662
177.653639164662
187.56543108224108
187.56543108224108
261.4997582290573
261.4997582290573
168.18068140462972
168.18068140462972
257.8129537041842
257.8129537041842
184.84250139448778
184.84250139448778
2077.6941751226973
2077.6941751226973
2331.12646709261
2331.12646709261
1505.896666320497
1505.896666320497
2969.551642719347
2969.551642719347
3150.9962024971665
3150.9962024971665
2701.102768021542
2701.102768021542
1856.029717922294
1856.029717922294
2098.9546442126743
2098.9546442126743
2751.1156295689443
2751.1156295689443
1982.1136548722811
1982.1136548722811
1970.7340258551772
1970.7340258551772
2014.4688042823436
2014.4688042823436
2619.5078074057956
2619.5078074057956
