227.03430760884018
227.03430760884018
227.03430760884018
227.03430760884018
227.03430760884018
159.47056639284375
159.47056639284375
159.47056639284375
159.47056639284375
159.47056639284375
159.8541641768636
159.8541641768636
159.8541641768636
159.8541641768636
159.8541641768636
177.80924195111552
177.80924195111552
177.80924195111552
177.80924195111552
177.80924195111552
177.2621365383014
177.2621365383014
177.2621365383014
177.2621365383014
177.2621365383014
171.64897101653517
171.64897101653517
171.64897101653517
171.64897101653517
171.64897101653517
163.45918187502318
163.45918187502318
163.45918187502318
163.45918187502318
163.45918187502318
226.5274877570779
226.5274877570779
226.5274877570779
226.5274877570779
226.5274877570779
201.29605379846868
201.29605379846868
201.29605379846868
201.29605379846868
201.29605379846868
261.62091541441015
261.62091541441015
261.62091541441015
261.62091541441015
261.62091541441015
202.76005460019098
202.76005460019098
202.76005460019098
202.76005460019098
202.76005460019098
256.78440903807274
256.78440903807274
256.78440903807274
256.78440903807274
256.78440903807274
