1058.5402658744995
1058.5402658744995
1058.5402658744995
1058.5402658744995
1058.5402658744995
1573.1630045396512
1573.1630045396512
1573.1630045396512
1573.1630045396512
1573.1630045396512
1211.3722892886879
1211.3722892886879
1211.3722892886879
1211.3722892886879
1211.3722892886879
1487.9973811650261
1487.9973811650261
1487.9973811650261
1487.9973811650261
1487.9973811650261
1589.4473586855568
1589.4473586855568
1589.4473586855568
1589.4473586855568
1589.4473586855568
1442.6857052512235
1442.6857052512235
1442.6857052512235
1442.6857052512235
1442.6857052512235
1704.7265530416248
1704.7265530416248
1704.7265530416248
1704.7265530416248
1704.7265530416248
1311.3079369516738
1311.3079369516738
1311.3079369516738
1311.3079369516738
1311.3079369516738
1407.132008585331
1407.132008585331
1407.132008585331
1407.132008585331
1407.132008585331
960.6622744597043
960.6622744597043
960.6622744597043
960.6622744597043
960.6622744597043
1667.7740739428757
1667.7740739428757
1667.7740739428757
1667.7740739428757
1667.7740739428757
1138.1957633575164
1138.1957633575164
1138.1957633575164
1138.1957633575164
1138.1957633575164
