2930.6046218026604
2930.6046218026604
2930.6046218026604
2930.6046218026604
3596.8953816008816
3596.8953816008816
3596.8953816008816
3596.8953816008816
2659.071688292011
2659.071688292011
2659.071688292011
2659.071688292011
2353.41885520654
2353.41885520654
2353.41885520654
2353.41885520654
3472.5491467604293
3472.5491467604293
3472.5491467604293
3472.5491467604293
2901.311779422282
2901.311779422282
2901.311779422282
2901.311779422282
3366.12085448837
3366.12085448837
1302.126091691105
1302.126091691105
1302.126091691105
1302.126091691105
1028.451169894118
1028.451169894118
1028.451169894118
1028.451169894118
1166.3040618454195
1166.3040618454195
1166.3040618454195
1166.3040618454195
1094.1306562390976
1094.1306562390976
1094.1306562390976
1094.1306562390976
1105.3822281955156
1105.3822281955156
1105.3822281955156
1105.3822281955156
1265.4129743826275
1265.4129743826275
1265.4129743826275
1265.4129743826275
1086.674013053771
1086.674013053771
1086.674013053771
1086.674013053771
1064.7989681561191
1064.7989681561191
1064.7989681561191
1064.7989681561191
1317.6241765048171
1317.6241765048171
