4618.1193867959855
4618.1193867959855
4555.721626459288
4555.721626459288
2540.5629132137246
2540.5629132137246
3355.5171092740356
3355.5171092740356
2390.902991094559
2390.902991094559
3379.823740723176
3379.823740723176
3401.237019313235
3401.237019313235
2801.3019794463607
2801.3019794463607
3880.490461728218
3880.490461728218
2837.464824683937
2837.464824683937
3715.849559781046
3715.849559781046
3446.502392303914
3446.502392303914
3724.566060390008
3724.566060390008
2926.235285595836
2926.235285595836
3318.8447846033773
3318.8447846033773
3964.4166648033643
3964.4166648033643
2743.7430887253895
2743.7430887253895
3789.687672821152
3789.687672821152
1786.7730213566642
1786.7730213566642
2850.8409238564286
2850.8409238564286
2360.397887259746
2360.397887259746
2860.5885339201714
2860.5885339201714
2890.9791980923237
2890.9791980923237
3022.7254372596885
3022.7254372596885
3579.8957080122273
3579.8957080122273
2470.607293454009
2470.607293454009
2838.2817225193394
2838.2817225193394
2881.794598773218
2881.794598773218
2651.1206163332986
2651.1206163332986
2684.3735982257185
2684.3735982257185
