1185.4691471195133
1185.4691471195133
1185.4691471195133
1555.99096965199
1555.99096965199
1555.99096965199
158.03246462944048
158.03246462944048
158.03246462944048
1151.9296866011641
1151.9296866011641
1151.9296866011641
927.7364269147333
927.7364269147333
927.7364269147333
1532.9658046179784
1532.9658046179784
1532.9658046179784
924.8881957828335
924.8881957828335
924.8881957828335
964.9139173899858
964.9139173899858
964.9139173899858
1354.0784670843223
1354.0784670843223
1354.0784670843223
1397.0638844721643
1397.0638844721643
1397.0638844721643
1011.1811928717514
1011.1811928717514
1011.1811928717514
867.5398829584157
867.5398829584157
867.5398829584157
960.2711905231761
960.2711905231761
960.2711905231761
1005.2310150075169
1005.2310150075169
1005.2310150075169
1311.8841700783914
1311.8841700783914
1311.8841700783914
1106.6946365575684
1106.6946365575684
1106.6946365575684
1170.1787423911283
1170.1787423911283
1170.1787423911283
2319.8204132910923
2319.8204132910923
2319.8204132910923
1274.1182234960424
1274.1182234960424
1274.1182234960424
1419.72976546753
1419.72976546753
1419.72976546753
