201.90523016297755
201.90523016297755
201.90523016297755
201.90523016297755
176.0483627472914
176.0483627472914
176.0483627472914
176.0483627472914
199.67794674063612
199.67794674063612
199.67794674063612
199.67794674063612
210.00819374762472
210.00819374762472
210.00819374762472
210.00819374762472
197.02740834337303
197.02740834337303
197.02740834337303
197.02740834337303
219.4550620345542
219.4550620345542
219.4550620345542
219.4550620345542
217.33207559357453
217.33207559357453
217.33207559357453
668.6258247602555
668.6258247602555
668.6258247602555
668.6258247602555
700.1290416475181
700.1290416475181
700.1290416475181
700.1290416475181
602.3953753819244
3555.813963324189
3555.813963324189
3555.813963324189
3555.813963324189
3652.3545746421223
3652.3545746421223
3652.3545746421223
3652.3545746421223
3797.269855736757
3797.269855736757
3797.269855736757
3797.269855736757
3342.5742370387748
3342.5742370387748
3342.5742370387748
1520.8614925118002
1520.8614925118002
1520.8614925118002
1520.8614925118002
1492.6835752224338
4137.636030122392
4137.636030122392
4137.636030122392
4137.636030122392
