605.5092315145995
605.5092315145995
572.88231133003
572.88231133003
393.090556660159
393.090556660159
451.4302741361229
451.4302741361229
0.1
0.1
320.8627939941703
320.8627939941703
650.0585085246959
650.0585085246959
650.1403880673429
650.1403880673429
1440.0271505678093
1440.0271505678093
862.076129431816
862.076129431816
756.3533967008985
756.3533967008985
680.1849798930205
680.1849798930205
741.800192140859
741.800192140859
376.3670665471811
376.3670665471811
423.23056794776585
423.23056794776585
813.909616557874
813.909616557874
679.1646588816324
679.1646588816324
775.705492716856
775.705492716856
171.5119106676388
171.5119106676388
442.8196008410083
442.8196008410083
538.2519518203559
538.2519518203559
392.05654551634507
392.05654551634507
903.3557590427698
903.3557590427698
294.20914413074325
294.20914413074325
635.9150150537986
635.9150150537986
970.4624654271117
970.4624654271117
1142.354484940731
1142.354484940731
523.4969866217866
523.4969866217866
493.16622062502904
493.16622062502904
800.14149213906
800.14149213906
