695.7644907651842
695.7644907651842
695.7644907651842
777.8456398121328
777.8456398121328
777.8456398121328
625.8527309381461
625.8527309381461
625.8527309381461
626.0432360615437
626.0432360615437
626.0432360615437
2382.5725828747536
2382.5725828747536
2382.5725828747536
1035.2643534686217
1035.2643534686217
1035.2643534686217
908.6009793024144
908.6009793024144
908.6009793024144
1029.0697075610003
1029.0697075610003
1029.0697075610003
1238.2947032121363
1238.2947032121363
1238.2947032121363
1162.2681319436006
1162.2681319436006
1162.2681319436006
950.424860538246
950.424860538246
950.424860538246
991.7226094462351
991.7226094462351
991.7226094462351
1098.3901918855138
1098.3901918855138
1098.3901918855138
971.1637768411804
971.1637768411804
971.1637768411804
1165.3595866318067
1165.3595866318067
702.308653352573
702.308653352573
702.308653352573
541.4364378235566
541.4364378235566
541.4364378235566
666.6972246161299
666.6972246161299
666.6972246161299
647.6136449792646
647.6136449792646
647.6136449792646
771.7050668747627
771.7050668747627
771.7050668747627
573.7333496291802
