3310.6113144060896
3310.6113144060896
3310.6113144060896
3310.6113144060896
3310.6113144060896
3403.047187480014
3403.047187480014
3403.047187480014
3403.047187480014
3403.047187480014
3633.55860293513
3633.55860293513
3633.55860293513
3633.55860293513
3633.55860293513
3107.812211457787
3107.812211457787
3107.812211457787
3107.812211457787
3107.812211457787
3641.335697020699
3641.335697020699
3641.335697020699
3641.335697020699
3641.335697020699
2946.320568733713
2946.320568733713
2946.320568733713
2946.320568733713
2946.320568733713
3241.9734969134242
3241.9734969134242
3241.9734969134242
3241.9734969134242
3241.9734969134242
3368.154887237512
3368.154887237512
3368.154887237512
3368.154887237512
3368.154887237512
3312.535983251659
3312.535983251659
3312.535983251659
3312.535983251659
3312.535983251659
3251.2478149679464
3251.2478149679464
3251.2478149679464
4706.662920243679
4706.662920243679
4706.662920243679
4706.662920243679
4706.662920243679
4034.9372071652383
4034.9372071652383
4034.9372071652383
4034.9372071652383
4034.9372071652383
4005.925710333313
4005.925710333313
