1915.4851208389439
1915.4851208389439
1146.2999880780603
1146.2999880780603
1941.7845956662702
1941.7845956662702
1394.0079367916196
1394.0079367916196
2500.564675811762
2500.564675811762
867.3170734422682
867.3170734422682
1174.5373177041483
1174.5373177041483
370.2018418761959
370.2018418761959
1775.3725018918574
1775.3725018918574
1654.2422831632935
1654.2422831632935
312.3804955614419
312.3804955614419
1249.180585217261
1249.180585217261
1318.764322071065
1318.764322071065
0.1
0.1
1378.3165285860853
1378.3165285860853
2472.3516842553036
2472.3516842553036
2132.3248870453817
2132.3248870453817
1098.344599579289
1098.344599579289
1656.6950656643605
1656.6950656643605
4023.0343275388323
4023.0343275388323
2196.223796801237
2196.223796801237
1333.2445249271805
1333.2445249271805
1933.8698481617155
1933.8698481617155
1787.5943857376515
1787.5943857376515
1418.7910064435243
1418.7910064435243
1137.8332376676042
1137.8332376676042
2082.621832687703
2082.621832687703
1611.067431616414
1611.067431616414
343.06306028469794
343.06306028469794
2276.1776785448665
2276.1776785448665
