4920.212485277188
4920.212485277188
4920.212485277188
3351.248089050391
3351.248089050391
3351.248089050391
2725.7855782344213
2725.7855782344213
2725.7855782344213
1423.867200336864
1423.867200336864
1423.867200336864
3459.9488886463346
3459.9488886463346
3459.9488886463346
4049.8803799678185
4049.8803799678185
4049.8803799678185
4321.965263836466
4321.965263836466
4321.965263836466
2353.3891692339084
2353.3891692339084
2353.3891692339084
4294.118001688075
4294.118001688075
4294.118001688075
4146.814345198523
4146.814345198523
4146.814345198523
1117.071767843877
1117.071767843877
1117.071767843877
3083.552662726296
3083.552662726296
3083.552662726296
2826.026443576468
2826.026443576468
2826.026443576468
911.498384505568
911.498384505568
911.498384505568
2389.665440288012
2389.665440288012
2389.665440288012
1640.4476985439533
1640.4476985439533
1640.4476985439533
1092.2850529280781
1092.2850529280781
1092.2850529280781
2632.2824043677824
2632.2824043677824
2632.2824043677824
1531.152531476462
1531.152531476462
1531.152531476462
1766.032147547824
1766.032147547824
1766.032147547824
