1229.616381742412
1229.616381742412
1229.616381742412
4293.181235352109
4293.181235352109
4293.181235352109
5643.600488716227
5643.600488716227
5643.600488716227
27.6273694673896
27.6273694673896
27.6273694673896
1065.1099142389041
1065.1099142389041
1065.1099142389041
2440.232349701897
2440.232349701897
2440.232349701897
4985.771976357325
4985.771976357325
4985.771976357325
4619.552459238492
4619.552459238492
4619.552459238492
2567.2029795656026
2567.2029795656026
2567.2029795656026
4350.874122442633
4350.874122442633
4350.874122442633
1866.6018658355868
1511.2434837125584
1511.2434837125584
1511.2434837125584
2486.4370682034487
2486.4370682034487
2486.4370682034487
588.5439466248826
588.5439466248826
588.5439466248826
1309.9447320404774
1309.9447320404774
1309.9447320404774
1097.3262737116304
1097.3262737116304
1097.3262737116304
1016.9503960218124
1016.9503960218124
1016.9503960218124
836.1868575377447
836.1868575377447
836.1868575377447
1054.2673733162417
1054.2673733162417
1054.2673733162417
206.9963902458751
206.9963902458751
206.9963902458751
941.0857827159897
941.0857827159897
