1376.8336460417536
1376.8336460417536
1376.8336460417536
1376.8336460417536
1376.8336460417536
1604.24099700743
1604.24099700743
1604.24099700743
1604.24099700743
1604.24099700743
1249.2423966084525
1249.2423966084525
1249.2423966084525
1249.2423966084525
1249.2423966084525
1088.9641848231495
1088.9641848231495
1088.9641848231495
1088.9641848231495
1088.9641848231495
1735.5934217033969
1735.5934217033969
1735.5934217033969
1735.5934217033969
1735.5934217033969
946.574746029187
946.574746029187
946.574746029187
946.574746029187
946.574746029187
1551.1467070793321
1551.1467070793321
1551.1467070793321
1551.1467070793321
1551.1467070793321
1393.682839597688
1393.682839597688
1393.682839597688
4155.935542565628
4155.935542565628
4155.935542565628
4155.935542565628
4155.935542565628
2343.9906850077023
2343.9906850077023
2343.9906850077023
2343.9906850077023
2343.9906850077023
3677.4675225616884
3677.4675225616884
3677.4675225616884
3677.4675225616884
3677.4675225616884
3299.108535552681
3935.06966423045
3935.06966423045
3935.06966423045
3935.06966423045
3935.06966423045
3974.1702273323913
