530.6674641353085
530.6674641353085
530.6674641353085
607.8191737461209
607.8191737461209
607.8191737461209
477.9762632386061
477.9762632386061
477.9762632386061
314.0239357836962
314.0239357836962
314.0239357836962
645.6917081781774
645.6917081781774
645.6917081781774
709.0579108269147
709.0579108269147
709.0579108269147
718.1741663244765
718.1741663244765
718.1741663244765
783.4112300527987
783.4112300527987
783.4112300527987
775.630268097284
775.630268097284
775.630268097284
1103.9247713385503
1103.9247713385503
1103.9247713385503
765.9918731546234
765.9918731546234
765.9918731546234
614.9142930765083
614.9142930765083
614.9142930765083
760.769235762565
760.769235762565
760.769235762565
700.9240622879305
700.9240622879305
700.9240622879305
197.61660254866132
197.61660254866132
197.61660254866132
143.92844171566156
143.92844171566156
143.92844171566156
620.2318217257385
620.2318217257385
620.2318217257385
700.4169776900051
700.4169776900051
700.4169776900051
743.5085570974773
743.5085570974773
743.5085570974773
690.4677359212952
690.4677359212952
690.4677359212952
