1930.354671419624
1930.354671419624
1930.354671419624
5414.6800820444805
5414.6800820444805
5414.6800820444805
4712.102943831727
4712.102943831727
4712.102943831727
3385.540502316831
3385.540502316831
3385.540502316831
6102.356146989136
6102.356146989136
6102.356146989136
4651.479806163867
4651.479806163867
4651.479806163867
7467.64938684415
7467.64938684415
7467.64938684415
5970.217049813572
5970.217049813572
5970.217049813572
4385.55467111844
4385.55467111844
4385.55467111844
3719.06509086242
3719.06509086242
3719.06509086242
7181.5627598205265
7181.5627598205265
7181.5627598205265
5621.634555003528
5621.634555003528
5621.634555003528
6607.2524241086885
6607.2524241086885
6607.2524241086885
3895.8497191311217
2465.1757749872177
2465.1757749872177
2465.1757749872177
4534.363143350321
4534.363143350321
4534.363143350321
3464.122417408524
3464.122417408524
3464.122417408524
4786.624324131502
4786.624324131502
4786.624324131502
1993.9273835303447
1993.9273835303447
1993.9273835303447
829.3325445815617
829.3325445815617
829.3325445815617
1411.5212368525301
1411.5212368525301
