694.2380013370746
694.2380013370746
694.2380013370746
694.2380013370746
655.9537728024343
655.9537728024343
655.9537728024343
655.9537728024343
624.8520293839458
624.8520293839458
624.8520293839458
624.8520293839458
603.1026339313636
603.1026339313636
603.1026339313636
603.1026339313636
636.9995720538471
636.9995720538471
636.9995720538471
636.9995720538471
763.8089083172899
763.8089083172899
763.8089083172899
763.8089083172899
728.2732976799248
728.2732976799248
728.2732976799248
728.2732976799248
653.805256639909
653.805256639909
653.805256639909
653.805256639909
672.0841274543764
672.0841274543764
672.0841274543764
672.0841274543764
653.4455796685312
653.4455796685312
653.4455796685312
653.4455796685312
524.5346993108511
524.5346993108511
524.5346993108511
524.5346993108511
568.1417519860103
568.1417519860103
568.1417519860103
568.1417519860103
703.9199288141781
703.9199288141781
703.9199288141781
703.9199288141781
648.0380521772706
648.0380521772706
648.0380521772706
648.0380521772706
700.3481298322357
700.3481298322357
700.3481298322357
700.3481298322357
