2943.1583920200505
2943.1583920200505
2943.1583920200505
2943.1583920200505
1395.3055146310883
1395.3055146310883
1395.3055146310883
1395.3055146310883
2471.5330847830996
2471.5330847830996
2471.5330847830996
2471.5330847830996
1258.6805297360722
1258.6805297360722
1258.6805297360722
1258.6805297360722
2344.215994274732
2344.215994274732
2344.215994274732
2344.215994274732
3834.0293043383554
3834.0293043383554
3834.0293043383554
3834.0293043383554
2190.805333289022
2190.805333289022
2190.805333289022
2190.805333289022
2600.194753666309
2600.194753666309
2600.194753666309
2600.194753666309
2062.944462924523
2062.944462924523
2062.944462924523
2062.944462924523
2001.1642379298462
2001.1642379298462
2001.1642379298462
2001.1642379298462
2563.929923333058
2563.929923333058
2563.929923333058
2563.929923333058
4334.0508427496425
4334.0508427496425
4334.0508427496425
4334.0508427496425
4758.174569090767
4758.174569090767
4758.174569090767
1142.0789039475267
1142.0789039475267
1142.0789039475267
5532.609148941144
5532.609148941144
5532.609148941144
5532.609148941144
4110.611594767632
4110.611594767632
