5266.9855040550365
5266.9855040550365
5266.9855040550365
5266.9855040550365
5266.9855040550365
5170.103180943213
5170.103180943213
5170.103180943213
5170.103180943213
5170.103180943213
4296.768616234309
4296.768616234309
4296.768616234309
4296.768616234309
4296.768616234309
3755.502574160729
3755.502574160729
3755.502574160729
3755.502574160729
3755.502574160729
2876.1286350070877
2876.1286350070877
2876.1286350070877
2876.1286350070877
2876.1286350070877
5401.206399071513
5401.206399071513
5401.206399071513
5401.206399071513
5401.206399071513
3088.009245978842
3088.009245978842
3088.009245978842
3088.009245978842
3088.009245978842
3342.9508695431105
3342.9508695431105
3342.9508695431105
3342.9508695431105
3342.9508695431105
2056.1151889983594
2056.1151889983594
2056.1151889983594
2056.1151889983594
2056.1151889983594
4581.328087798088
4581.328087798088
4581.328087798088
4581.328087798088
4581.328087798088
2433.396292760363
2433.396292760363
2433.396292760363
2433.396292760363
2433.396292760363
3225.5059089992083
3225.5059089992083
3225.5059089992083
3225.5059089992083
3225.5059089992083
