662.0881473109325
662.0881473109325
686.7640421694739
686.7640421694739
655.8600398684828
655.8600398684828
596.9593913302338
596.9593913302338
545.3524770402586
545.3524770402586
605.4782035477631
605.4782035477631
661.5801502793632
661.5801502793632
716.9632479652063
716.9632479652063
668.319724484484
668.319724484484
662.9100778011739
662.9100778011739
690.8735429904116
690.8735429904116
644.5699947633929
644.5699947633929
668.3601465785182
668.3601465785182
643.4351611632462
643.4351611632462
723.7479300717056
723.7479300717056
687.2819553444582
687.2819553444582
589.998059754724
589.998059754724
685.6669673283586
685.6669673283586
626.5958098225364
626.5958098225364
662.1960174903164
662.1960174903164
676.9200470850751
676.9200470850751
669.4637746916874
669.4637746916874
659.4615309847568
659.4615309847568
653.7090453976069
653.7090453976069
581.0903676974182
3099.3839998482613
3099.3839998482613
3086.8886701332567
3086.8886701332567
2857.7356430850673
2857.7356430850673
2898.614810281651
2898.614810281651
3110.8510496873005
3110.8510496873005
3097.5400352048878
