1811.0679061197784
1811.0679061197784
3020.545646381166
3020.545646381166
1753.5325267845942
1753.5325267845942
3599.643685965775
3599.643685965775
2351.275063111918
2351.275063111918
3548.6020516375575
3548.6020516375575
1920.4835038097149
1920.4835038097149
1006.9239352281302
1006.9239352281302
542.546363684188
542.546363684188
1409.1072706828882
1409.1072706828882
3152.8080323144254
3152.8080323144254
2453.7015160073897
2453.7015160073897
3169.8742701342176
3169.8742701342176
2403.827044123534
2403.827044123534
3216.4020201123967
3216.4020201123967
3179.9983186938853
3179.9983186938853
2750.714689567571
2750.714689567571
2447.3081268329797
2447.3081268329797
2897.3885057798507
2897.3885057798507
2691.332008350748
2691.332008350748
2828.2505933776415
2828.2505933776415
1778.2728494449461
1778.2728494449461
1374.9113298168475
1374.9113298168475
3173.0891282226257
3173.0891282226257
862.9348720748662
862.9348720748662
2371.163271905367
2371.163271905367
2626.5045071553236
2626.5045071553236
2787.826657083972
2787.826657083972
1286.3246221653224
1286.3246221653224
2637.008372756717
2637.008372756717
