2597.6653009524443
2597.6653009524443
2597.6653009524443
3011.7915385621773
3011.7915385621773
3011.7915385621773
3087.251031101058
3087.251031101058
3087.251031101058
2540.160896361129
2540.160896361129
2540.160896361129
2865.6571426288137
2865.6571426288137
2865.6571426288137
2630.4213239580013
2630.4213239580013
2630.4213239580013
3252.591765121185
3252.591765121185
3252.591765121185
3046.3136353691407
3046.3136353691407
3046.3136353691407
3124.616376257901
3124.616376257901
2455.2239423050764
2455.2239423050764
2455.2239423050764
2091.1910034214707
2091.1910034214707
2091.1910034214707
2075.0410418339284
2075.0410418339284
2075.0410418339284
2399.30470212196
2399.30470212196
2399.30470212196
2102.859506895513
2102.859506895513
2102.859506895513
1930.7702637196826
1930.7702637196826
1930.7702637196826
1728.239918532521
1728.239918532521
1728.239918532521
2667.121726302661
2667.121726302661
2667.121726302661
2179.5879420521046
2179.5879420521046
2179.5879420521046
2189.1912097555532
2189.1912097555532
2189.1912097555532
1865.8731025156271
1865.8731025156271
1865.8731025156271
1699.6402005027703
