941.6153868606934
941.6153868606934
941.6153868606934
941.6153868606934
943.9710819858627
943.9710819858627
943.9710819858627
943.9710819858627
1332.9334899303883
1332.9334899303883
1332.9334899303883
1332.9334899303883
1071.9586710924468
1071.9586710924468
1071.9586710924468
1071.9586710924468
782.7691914013036
782.7691914013036
782.7691914013036
782.7691914013036
1208.7148896262668
1208.7148896262668
1208.7148896262668
1208.7148896262668
1057.4376268658762
1057.4376268658762
1057.4376268658762
1057.4376268658762
1213.0841587620357
1213.0841587620357
1213.0841587620357
1213.0841587620357
1340.7394416026839
1340.7394416026839
1340.7394416026839
1340.7394416026839
1103.5953424111824
1103.5953424111824
1103.5953424111824
1103.5953424111824
1044.3606562431187
1044.3606562431187
1044.3606562431187
1044.3606562431187
1116.8257773481623
1116.8257773481623
1116.8257773481623
1116.8257773481623
1094.2106222500418
1094.2106222500418
1094.2106222500418
1094.2106222500418
1062.970379347699
1062.970379347699
1062.970379347699
1062.970379347699
1150.319753171656
1150.319753171656
1150.319753171656
1150.319753171656
