4988.341334007494
2158.756060686179
2158.756060686179
2158.756060686179
2158.756060686179
4276.166690161284
4276.166690161284
4276.166690161284
4276.166690161284
8078.120161202333
8078.120161202333
8078.120161202333
8078.120161202333
5186.405505851827
5186.405505851827
5186.405505851827
5186.405505851827
0.1
0.1
0.1
0.1
487.43046961080745
487.43046961080745
487.43046961080745
487.43046961080745
1442.3535548954492
1442.3535548954492
1442.3535548954492
4786.099626218423
4786.099626218423
4786.099626218423
4786.099626218423
2374.023853487277
2374.023853487277
2374.023853487277
2374.023853487277
2476.8548831344588
2476.8548831344588
2476.8548831344588
2476.8548831344588
2577.1313651435194
2577.1313651435194
2577.1313651435194
2577.1313651435194
2289.1321116254962
2289.1321116254962
2289.1321116254962
2289.1321116254962
969.6936410679073
969.6936410679073
969.6936410679073
969.6936410679073
872.0383397385706
872.0383397385706
872.0383397385706
872.0383397385706
1785.227222199846
1785.227222199846
1785.227222199846
1785.227222199846
