532.9403608774528
532.9403608774528
532.9403608774528
737.5454471582086
737.5454471582086
737.5454471582086
604.5749537936101
604.5749537936101
604.5749537936101
719.8530095888223
719.8530095888223
719.8530095888223
623.2920305033603
623.2920305033603
623.2920305033603
548.0577431860813
548.0577431860813
548.0577431860813
628.6115687506451
628.6115687506451
628.6115687506451
731.725212122867
731.725212122867
731.725212122867
586.1975056017388
586.1975056017388
229.25021299038005
229.25021299038005
229.25021299038005
186.6755737609354
186.6755737609354
186.6755737609354
205.39149346427013
205.39149346427013
205.39149346427013
189.4430412491554
189.4430412491554
189.4430412491554
200.9068664926441
200.9068664926441
200.9068664926441
175.56901860371164
175.56901860371164
175.56901860371164
189.12401116460873
189.12401116460873
189.12401116460873
225.59726842550913
225.59726842550913
225.59726842550913
216.21613913990032
216.21613913990032
216.21613913990032
194.99595475580992
194.99595475580992
194.99595475580992
219.87860909146085
666.2080953263564
666.2080953263564
666.2080953263564
