1921.2924274959948
1921.2924274959948
1890.7047486838937
1890.7047486838937
3274.8428054270103
3274.8428054270103
2838.9567543446906
2838.9567543446906
2327.9223720303585
2327.9223720303585
2901.451631748677
2901.451631748677
2515.63130151311
2515.63130151311
3000.28727886436
3000.28727886436
1810.4962207362892
1810.4962207362892
1303.264219989634
1303.264219989634
1734.2335311033328
1734.2335311033328
1665.4030034053237
1665.4030034053237
2007.925914544284
2007.925914544284
1138.2670771561134
1138.2670771561134
2460.9910297507568
2460.9910297507568
1544.6332668534792
1544.6332668534792
1506.494653010852
1506.494653010852
1345.533675894779
1345.533675894779
1563.9301965309405
1563.9301965309405
1516.7005496166323
1516.7005496166323
1650.82721472883
1650.82721472883
1421.098801059839
1421.098801059839
1311.166576222116
1311.166576222116
1303.0708893977132
1303.0708893977132
1729.6623073243672
1729.6623073243672
1161.5808613214558
1161.5808613214558
1261.3106093361055
1261.3106093361055
1677.3144763544244
1677.3144763544244
1763.1277391328101
1763.1277391328101
1778.7141610694873
1778.7141610694873
