4147.939548152299
4147.939548152299
4147.939548152299
4147.939548152299
2324.3593658950526
2324.3593658950526
2324.3593658950526
2324.3593658950526
3150.149991508832
3150.149991508832
3150.149991508832
3150.149991508832
2157.2511177366328
2157.2511177366328
2157.2511177366328
2157.2511177366328
4197.409194014594
4197.409194014594
4197.409194014594
4197.409194014594
2512.0419584190704
2512.0419584190704
2512.0419584190704
2512.0419584190704
2107.49726541045
2107.49726541045
2107.49726541045
2107.49726541045
2244.709033099285
2244.709033099285
2244.709033099285
2244.709033099285
671.0907082313552
671.0907082313552
1153.1290882035703
1153.1290882035703
1153.1290882035703
1153.1290882035703
668.308098921361
668.308098921361
668.308098921361
668.308098921361
1345.1396918555517
1345.1396918555517
1345.1396918555517
1345.1396918555517
1799.1467604970896
1799.1467604970896
1799.1467604970896
1799.1467604970896
1047.1885582965692
1047.1885582965692
1047.1885582965692
1047.1885582965692
909.1341330227198
909.1341330227198
909.1341330227198
909.1341330227198
574.4268248806834
574.4268248806834
