3443.9193469741103
3443.9193469741103
3443.9193469741103
3443.9193469741103
3443.9193469741103
1255.6628199808933
1255.6628199808933
1255.6628199808933
1255.6628199808933
1255.6628199808933
4324.386242309025
4324.386242309025
4324.386242309025
4324.386242309025
4324.386242309025
3282.3799186979477
3282.3799186979477
3282.3799186979477
3282.3799186979477
3282.3799186979477
2356.0788407096516
2356.0788407096516
2356.0788407096516
2356.0788407096516
2356.0788407096516
3373.175266910564
3373.175266910564
3373.175266910564
3373.175266910564
3373.175266910564
4627.731525927447
4627.731525927447
4627.731525927447
4627.731525927447
4627.731525927447
3501.666507790211
3501.666507790211
3501.666507790211
3501.666507790211
3501.666507790211
3046.9703668308575
3046.9703668308575
3046.9703668308575
3046.9703668308575
3046.9703668308575
2836.5854888021804
2836.5854888021804
2836.5854888021804
2836.5854888021804
2836.5854888021804
0.1
0.1
0.1
0.1
0.1
3439.2809400631295
3439.2809400631295
3439.2809400631295
3439.2809400631295
3439.2809400631295
