3535.8540313876842
3535.8540313876842
3535.8540313876842
4261.47261284029
4261.47261284029
4261.47261284029
1991.0248812529057
1991.0248812529057
1991.0248812529057
5664.779587826483
5664.779587826483
5664.779587826483
3881.2637950545327
3881.2637950545327
3881.2637950545327
6045.861233023157
6045.861233023157
3548.411865773079
3548.411865773079
3548.411865773079
1923.6270355258998
1923.6270355258998
1923.6270355258998
4325.383544207578
4325.383544207578
4325.383544207578
3384.70498015117
3384.70498015117
3384.70498015117
2874.36441515248
2874.36441515248
2874.36441515248
2794.251919006993
2794.251919006993
2794.251919006993
5154.3674906493925
5154.3674906493925
5154.3674906493925
3475.464196276783
3475.464196276783
3475.464196276783
4352.773496401129
4352.773496401129
4352.773496401129
4132.739741960131
4132.739741960131
4132.739741960131
4799.326555434967
1982.0814172299247
1982.0814172299247
1982.0814172299247
2623.5502774702113
2623.5502774702113
2623.5502774702113
1631.1965942457077
1631.1965942457077
1631.1965942457077
2909.567955857603
2909.567955857603
774.5045878971392
