1012.5088138215315
1012.5088138215315
1012.5088138215315
1012.5088138215315
1012.5088138215315
794.1991192706179
794.1991192706179
794.1991192706179
794.1991192706179
794.1991192706179
720.0851732699734
720.0851732699734
720.0851732699734
720.0851732699734
720.0851732699734
1290.9682999657307
1290.9682999657307
1290.9682999657307
1290.9682999657307
1290.9682999657307
817.9663599169194
817.9663599169194
817.9663599169194
817.9663599169194
817.9663599169194
1648.3159085543318
1648.3159085543318
1648.3159085543318
1648.3159085543318
1648.3159085543318
591.1379285107317
591.1379285107317
591.1379285107317
591.1379285107317
591.1379285107317
1727.3732479731107
1727.3732479731107
1727.3732479731107
1727.3732479731107
1727.3732479731107
1432.5720503680523
1432.5720503680523
1432.5720503680523
1432.5720503680523
1432.5720503680523
856.2560043703475
856.2560043703475
856.2560043703475
856.2560043703475
856.2560043703475
1551.8462831956347
1551.8462831956347
1551.8462831956347
1551.8462831956347
1551.8462831956347
1041.018936530737
1041.018936530737
1041.018936530737
1041.018936530737
1041.018936530737
