3740.757203231948
3740.757203231948
3740.757203231948
3740.757203231948
3717.0353017749135
3717.0353017749135
3717.0353017749135
3717.0353017749135
3202.2946246024503
3202.2946246024503
3202.2946246024503
4152.4655728866355
4152.4655728866355
4152.4655728866355
4152.4655728866355
4445.379164129249
4445.379164129249
4445.379164129249
4445.379164129249
4694.83251850326
4694.83251850326
4694.83251850326
4694.83251850326
4299.788450632628
4299.788450632628
4299.788450632628
4299.788450632628
4141.573419628729
4141.573419628729
4141.573419628729
4141.573419628729
4269.0781656660865
4269.0781656660865
4269.0781656660865
4269.0781656660865
4505.185730749208
4505.185730749208
4505.185730749208
4505.185730749208
4443.429128167989
4443.429128167989
4443.429128167989
4443.429128167989
4550.960479103157
4550.960479103157
4550.960479103157
4550.960479103157
4671.837651595999
4671.837651595999
4671.837651595999
4671.837651595999
4044.6391603749366
4044.6391603749366
2172.249747890084
2172.249747890084
2172.249747890084
2172.249747890084
2349.2379338859673
2349.2379338859673
2349.2379338859673
