2077.8900231965613
2077.8900231965613
2561.1143758295693
2561.1143758295693
1409.0299904791975
1409.0299904791975
3196.546443851386
3196.546443851386
2439.483302597394
2439.483302597394
2682.868485805151
2682.868485805151
2572.8864458740477
2572.8864458740477
2742.464766039365
2742.464766039365
3181.1212436081487
3181.1212436081487
2992.742280554072
2992.742280554072
2713.369144473947
2713.369144473947
2314.1020093435236
2314.1020093435236
1732.670976342722
1732.670976342722
3788.880256482215
3788.880256482215
3286.4643218655146
3286.4643218655146
3580.3485062596174
3580.3485062596174
5178.003665103581
5178.003665103581
3226.903587593575
3226.903587593575
4652.562520776081
4652.562520776081
4323.495946607017
4323.495946607017
3534.8883720409704
3534.8883720409704
4964.085301344216
4964.085301344216
4605.474488057729
4605.474488057729
3717.6840967540306
3717.6840967540306
3453.758805068325
3453.758805068325
4955.178808072427
4955.178808072427
4619.262879213539
1519.9287299997857
1519.9287299997857
2181.9345099648767
2181.9345099648767
1953.5998274674753
1953.5998274674753
1684.513604679058
