1548.2430575643411
1548.2430575643411
1548.2430575643411
1548.2430575643411
1548.2430575643411
1342.974574877585
1342.974574877585
1342.974574877585
1342.974574877585
1342.974574877585
1534.940753422517
1534.940753422517
3745.321559912152
3745.321559912152
1797.818598421742
1797.818598421742
1797.818598421742
1797.818598421742
1797.818598421742
2072.596370746098
2072.596370746098
2072.596370746098
2072.596370746098
2072.596370746098
2069.4749139951996
2069.4749139951996
2069.4749139951996
2069.4749139951996
2069.4749139951996
1851.3444318828192
1851.3444318828192
2875.869160817337
2875.869160817337
2875.869160817337
2875.869160817337
2875.869160817337
2770.6264890820426
2770.6264890820426
2770.6264890820426
2770.6264890820426
2770.6264890820426
2742.1535672607965
2742.1535672607965
2742.1535672607965
2742.1535672607965
2742.1535672607965
2808.8603181219632
2808.8603181219632
2808.8603181219632
2808.8603181219632
2808.8603181219632
2806.1510859894292
2806.1510859894292
2806.1510859894292
2806.1510859894292
2806.1510859894292
2936.71783331569
2936.71783331569
2936.71783331569
2936.71783331569
