894.9111821011659
894.9111821011659
894.9111821011659
894.9111821011659
894.9111821011659
1368.3233982238016
1368.3233982238016
1368.3233982238016
1368.3233982238016
1368.3233982238016
2541.405174971829
2541.405174971829
2541.405174971829
2541.405174971829
2541.405174971829
2670.1584487420278
2670.1584487420278
2670.1584487420278
2670.1584487420278
2670.1584487420278
2355.93182446652
2355.93182446652
2355.93182446652
2355.93182446652
2355.93182446652
1675.5345015197272
1675.5345015197272
1675.5345015197272
1675.5345015197272
1675.5345015197272
2624.6397161153154
2624.6397161153154
2624.6397161153154
2624.6397161153154
2624.6397161153154
3617.119650268774
3617.119650268774
3617.119650268774
3617.119650268774
3617.119650268774
3230.3661465103714
3230.3661465103714
3230.3661465103714
3230.3661465103714
973.5938008515909
973.5938008515909
973.5938008515909
973.5938008515909
973.5938008515909
742.2214578071453
742.2214578071453
742.2214578071453
742.2214578071453
742.2214578071453
1176.4980156882743
1176.4980156882743
1176.4980156882743
1176.4980156882743
1176.4980156882743
258.35315670811235
