1019.1285219037543
1019.1285219037543
1019.1285219037543
1019.1285219037543
717.3982289263217
717.3982289263217
717.3982289263217
717.3982289263217
660.8930269421987
660.8930269421987
660.8930269421987
660.8930269421987
668.0233049839087
668.0233049839087
668.0233049839087
668.0233049839087
550.3684815015185
550.3684815015185
550.3684815015185
550.3684815015185
621.8844959324306
621.8844959324306
621.8844959324306
621.8844959324306
778.025008582595
778.025008582595
2174.808975271144
2174.808975271144
2174.808975271144
2174.808975271144
2708.5948950508746
2708.5948950508746
2708.5948950508746
2708.5948950508746
1859.408932503667
1859.408932503667
1859.408932503667
1859.408932503667
1566.4628648695507
1071.7327277781285
1071.7327277781285
1071.7327277781285
1071.7327277781285
432.99037605615047
432.99037605615047
432.99037605615047
2236.7390443703325
2236.7390443703325
2236.7390443703325
2236.7390443703325
3411.0876877653486
3411.0876877653486
3411.0876877653486
3411.0876877653486
2672.0033608439
2672.0033608439
2672.0033608439
2672.0033608439
3737.1138150012303
3737.1138150012303
