133.65042435883794
133.65042435883794
257.4120177543182
257.4120177543182
162.0878764580356
162.0878764580356
180.7609856647932
180.7609856647932
281.2205712938525
281.2205712938525
150.7624291868856
150.7624291868856
187.924506392558
187.924506392558
231.36642515437728
231.36642515437728
141.91497701294844
141.91497701294844
182.15424400285985
182.15424400285985
179.8554159418583
179.8554159418583
133.20538224411675
133.20538224411675
216.42786915692275
216.42786915692275
225.56690243062022
225.56690243062022
164.53572093596463
164.53572093596463
214.71706047306154
214.71706047306154
192.4171527490184
192.4171527490184
163.38901177420877
163.38901177420877
218.94525056973052
218.94525056973052
145.5661690397249
145.5661690397249
228.7166076142301
228.7166076142301
221.55065684197575
221.55065684197575
266.3074751899884
266.3074751899884
225.68860849065672
225.68860849065672
175.02438010835453
175.02438010835453
223.64861452931643
223.64861452931643
236.3424853547934
236.3424853547934
189.0004312725857
189.0004312725857
241.42411546103
241.42411546103
214.45811938841777
214.45811938841777
