1481.190035347213
1481.190035347213
1481.190035347213
101.38844187041798
101.38844187041798
101.38844187041798
286.54666296472794
286.54666296472794
286.54666296472794
1699.3566027562067
1699.3566027562067
1699.3566027562067
549.2756211481887
549.2756211481887
549.2756211481887
918.1835885471593
918.1835885471593
918.1835885471593
1403.3017167892383
1403.3017167892383
1403.3017167892383
229.8652148092001
229.8652148092001
229.8652148092001
1125.9125837868746
1125.9125837868746
1125.9125837868746
1245.7964559056816
1245.7964559056816
1245.7964559056816
6190.406324110036
6190.406324110036
6190.406324110036
5351.198365583037
5351.198365583037
5351.198365583037
5778.690322685612
5778.690322685612
5778.690322685612
2287.9881856555
2287.9881856555
2287.9881856555
5957.802475816336
5957.802475816336
5957.802475816336
3658.3746516446136
3658.3746516446136
3658.3746516446136
5589.997258099248
5589.997258099248
5589.997258099248
5395.424776201849
5395.424776201849
5395.424776201849
3856.0058921520467
3856.0058921520467
3856.0058921520467
1509.0655066365575
1509.0655066365575
1509.0655066365575
