1743.9848293589885
1743.9848293589885
1743.9848293589885
4844.451668557124
4844.451668557124
4844.451668557124
1510.7208122037375
1510.7208122037375
1510.7208122037375
4131.349635707101
4131.349635707101
4131.349635707101
3277.4247458540217
3277.4247458540217
3277.4247458540217
4125.884658882057
4125.884658882057
4125.884658882057
3846.6756880443695
3846.6756880443695
3846.6756880443695
1973.0047378149259
1973.0047378149259
1973.0047378149259
3133.05816885891
3133.05816885891
3133.05816885891
4535.956371357358
4535.956371357358
4535.956371357358
2196.769441285179
2196.769441285179
2196.769441285179
4507.494140810832
4507.494140810832
4507.494140810832
3769.860404016997
3769.860404016997
3769.860404016997
2165.0625986841465
2165.0625986841465
2165.0625986841465
3502.2737107841604
3502.2737107841604
3502.2737107841604
4669.807389163711
4669.807389163711
4669.807389163711
4945.616109996265
4945.616109996265
4945.616109996265
3560.1062810802528
3560.1062810802528
3560.1062810802528
2406.0479420418424
2406.0479420418424
2406.0479420418424
5366.260195596914
5366.260195596914
5366.260195596914
