2428.0455903308675
2428.0455903308675
2428.0455903308675
2428.0455903308675
2428.0455903308675
1811.311568533159
1811.311568533159
1811.311568533159
1811.311568533159
1811.311568533159
2693.216700811161
2693.216700811161
2693.216700811161
2693.216700811161
2693.216700811161
2760.710866924614
2760.710866924614
2760.710866924614
2760.710866924614
2760.710866924614
2174.9675419167274
2174.9675419167274
2174.9675419167274
2174.9675419167274
2174.9675419167274
1562.708547041484
1562.708547041484
1562.708547041484
1562.708547041484
1562.708547041484
2176.9965435512827
2176.9965435512827
2176.9965435512827
2176.9965435512827
2176.9965435512827
1839.1327268239966
1839.1327268239966
1839.1327268239966
1839.1327268239966
1839.1327268239966
1931.5152549451534
1931.5152549451534
1931.5152549451534
1931.5152549451534
1931.5152549451534
2173.986598548979
2173.986598548979
2173.986598548979
2173.986598548979
2173.986598548979
3344.509361943532
3344.509361943532
3344.509361943532
3344.509361943532
3344.509361943532
2521.563580160831
2521.563580160831
2521.563580160831
2521.563580160831
2521.563580160831
