1486.74307455125
1486.74307455125
1486.74307455125
1486.74307455125
1486.74307455125
1474.7348863889542
1474.7348863889542
1474.7348863889542
1474.7348863889542
3719.620958848749
3719.620958848749
3719.620958848749
3719.620958848749
3719.620958848749
2268.507147702668
2268.507147702668
2268.507147702668
2268.507147702668
2268.507147702668
206.97718735536404
206.97718735536404
474.3500658321883
474.3500658321883
1053.5802216021557
1053.5802216021557
1053.5802216021557
1053.5802216021557
1053.5802216021557
1912.5077538821429
1912.5077538821429
1912.5077538821429
1912.5077538821429
1912.5077538821429
1780.510432907725
1780.510432907725
1780.510432907725
1780.510432907725
1780.510432907725
3736.573459866347
3736.573459866347
3736.573459866347
3736.573459866347
3736.573459866347
4090.8159769967338
4090.8159769967338
4090.8159769967338
4090.8159769967338
4090.8159769967338
2070.1360737361156
2070.1360737361156
2070.1360737361156
654.7167715738101
654.7167715738101
654.7167715738101
2288.6912085041986
2288.6912085041986
2288.6912085041986
2288.6912085041986
2288.6912085041986
1821.7124752882673
