685.2616745362575
685.2616745362575
598.211721491612
598.211721491612
652.9299064242816
652.9299064242816
656.6886974550229
656.6886974550229
856.2873951296622
856.2873951296622
517.3725046167165
517.3725046167165
603.1720204595014
603.1720204595014
466.4344131477484
466.4344131477484
874.0737762100707
874.0737762100707
994.5821906546067
994.5821906546067
708.0361221499214
708.0361221499214
894.5907418914546
894.5907418914546
397.03204711321735
397.03204711321735
804.8516596681882
804.8516596681882
782.8564854840273
782.8564854840273
655.4118887782554
2793.674337701245
2793.674337701245
3947.358338511306
3947.358338511306
4029.5441158984436
4029.5441158984436
3138.96437828147
3138.96437828147
3573.051632112433
3573.051632112433
3450.8532269797133
3450.8532269797133
2139.4287260592155
2139.4287260592155
1226.2122550676786
1226.2122550676786
3667.9162512023527
3667.9162512023527
2970.952340604913
2970.952340604913
4303.681341973955
4303.681341973955
2244.240840219916
2244.240840219916
643.4943971496438
643.4943971496438
1110.487065718555
1110.487065718555
1178.0921552533598
