754.7549341458956
754.7549341458956
754.7549341458956
756.7701246133408
756.7701246133408
756.7701246133408
672.5500390534028
672.5500390534028
3288.3118119592045
3288.3118119592045
3288.3118119592045
3180.606319740419
3180.606319740419
3180.606319740419
2606.978646390299
2606.978646390299
2606.978646390299
4193.630196586355
4193.630196586355
4193.630196586355
3391.8504535471293
3391.8504535471293
3391.8504535471293
4124.653149019109
4124.653149019109
4124.653149019109
3043.644597489501
3043.644597489501
3043.644597489501
4157.121250876585
4157.121250876585
4157.121250876585
4828.463664111492
4828.463664111492
4828.463664111492
3940.2447399986413
3940.2447399986413
2562.8271201803886
2562.8271201803886
2562.8271201803886
3072.607297179158
3072.607297179158
3072.607297179158
3276.3623285300737
3276.3623285300737
3276.3623285300737
3275.167847696426
3275.167847696426
3275.167847696426
3087.1086859669485
3087.1086859669485
3087.1086859669485
3850.688444328186
3850.688444328186
3850.688444328186
3108.8065362089906
3108.8065362089906
3108.8065362089906
3026.9440776442893
2031.3652233071007
