4092.52588940253
4092.52588940253
4092.52588940253
4092.52588940253
4689.731258180567
4689.731258180567
4689.731258180567
4689.731258180567
3809.8119426943354
3809.8119426943354
3809.8119426943354
3809.8119426943354
4699.653851295144
4699.653851295144
4699.653851295144
4699.653851295144
3319.9478614862046
3319.9478614862046
3319.9478614862046
3319.9478614862046
3200.2646504929544
3200.2646504929544
3200.2646504929544
3200.2646504929544
3915.6879642630033
1356.645444896547
1356.645444896547
1356.645444896547
1356.645444896547
1406.0330126852186
1406.0330126852186
1406.0330126852186
1406.0330126852186
758.60669575785
758.60669575785
758.60669575785
758.60669575785
1667.0496257945013
1667.0496257945013
1667.0496257945013
1667.0496257945013
882.3925471321202
882.3925471321202
882.3925471321202
882.3925471321202
1402.6297708577
1402.6297708577
1402.6297708577
1402.6297708577
1229.753807186869
1229.753807186869
1229.753807186869
1229.753807186869
1395.6970366760604
1395.6970366760604
1395.6970366760604
1395.6970366760604
1722.6380524037747
1722.6380524037747
1722.6380524037747
