3009.4840759995454
3009.4840759995454
2781.5126733723027
2781.5126733723027
2523.253534244633
2523.253534244633
4192.7986291848265
4192.7986291848265
2884.062080313911
2884.062080313911
2042.10768572621
2042.10768572621
3240.4790117943057
3240.4790117943057
2876.724217537049
2876.724217537049
2063.1514358169134
2063.1514358169134
3475.7282944727676
3475.7282944727676
2974.4079947357527
2974.4079947357527
3149.1720425878148
3149.1720425878148
2695.987750592154
2695.987750592154
0.1
0.1
2627.0483405646128
2627.0483405646128
2890.879425395664
2890.879425395664
3974.373136593506
3974.373136593506
2100.5177521282844
2100.5177521282844
2918.749085048034
2918.749085048034
2829.8285968086357
2829.8285968086357
4158.8048203369835
4158.8048203369835
4474.012468715512
4474.012468715512
2881.3008506522883
2881.3008506522883
2970.6371336501006
690.8835194638532
690.8835194638532
601.7359608993048
601.7359608993048
792.84278641484
792.84278641484
813.5166620834553
813.5166620834553
725.2837224820523
725.2837224820523
956.4678033121254
956.4678033121254
239.49881631651402
