534.8268499656199
534.8268499656199
534.8268499656199
534.8268499656199
1283.3072356013456
1283.3072356013456
1283.3072356013456
1283.3072356013456
280.0695858900723
280.0695858900723
280.0695858900723
280.0695858900723
626.9621745329678
626.9621745329678
626.9621745329678
626.9621745329678
1122.8569161859295
1122.8569161859295
1122.8569161859295
1122.8569161859295
511.68706607957597
511.68706607957597
511.68706607957597
511.68706607957597
610.8061793236543
610.8061793236543
610.8061793236543
610.8061793236543
994.4982002862001
994.4982002862001
994.4982002862001
994.4982002862001
2734.803706844925
2734.803706844925
2734.803706844925
2734.803706844925
1773.0545331509807
1773.0545331509807
1773.0545331509807
1773.0545331509807
865.2061689193126
865.2061689193126
865.2061689193126
865.2061689193126
1439.1737572304
1439.1737572304
1439.1737572304
1439.1737572304
1768.1031326403158
1768.1031326403158
1768.1031326403158
1768.1031326403158
1854.2583649619646
1854.2583649619646
1854.2583649619646
1854.2583649619646
1039.4382099268473
1039.4382099268473
1039.4382099268473
1039.4382099268473
