1364.7313992035758
1364.7313992035758
1364.7313992035758
1668.030911736793
1668.030911736793
1668.030911736793
2000.9091613015526
2000.9091613015526
2000.9091613015526
811.0650392020784
811.0650392020784
811.0650392020784
2422.747878617274
2422.747878617274
2422.747878617274
2681.3760360397873
2681.3760360397873
2681.3760360397873
2220.328550052432
2220.328550052432
2220.328550052432
2126.9604415591616
2126.9604415591616
2126.9604415591616
2933.1750577016273
2933.1750577016273
2933.1750577016273
2955.8662872759764
2955.8662872759764
2955.8662872759764
1507.1166572869172
1507.1166572869172
1507.1166572869172
2852.2521779247645
2852.2521779247645
2852.2521779247645
1208.7112132852087
1208.7112132852087
1208.7112132852087
1882.3231089482538
1882.3231089482538
1882.3231089482538
1272.5568346992106
1272.5568346992106
1272.5568346992106
1362.207708758961
1362.207708758961
1362.207708758961
1562.693581226062
1562.693581226062
1562.693581226062
1437.012602270478
1437.012602270478
3287.0263544352088
3287.0263544352088
3287.0263544352088
1899.763303652373
1899.763303652373
1899.763303652373
1567.6510457446018
