2650.3169221961784
1157.1490252268966
1157.1490252268966
1157.1490252268966
4274.129446535922
2180.899429364267
2180.899429364267
2180.899429364267
2255.799174060464
2243.9462652552293
2243.9462652552293
3250.699414526211
3250.699414526211
3250.699414526211
3250.699414526211
3250.699414526211
4246.45802165872
4246.45802165872
4246.45802165872
4246.45802165872
4246.45802165872
4338.397026286977
4338.397026286977
4338.397026286977
4338.397026286977
4338.397026286977
6696.583281599954
6696.583281599954
6696.583281599954
6696.583281599954
6696.583281599954
3990.4865598435717
3990.4865598435717
3990.4865598435717
3990.4865598435717
3849.953759507397
3849.953759507397
3849.953759507397
3849.953759507397
3849.953759507397
4353.972911742087
4353.972911742087
4353.972911742087
4353.972911742087
4353.972911742087
4655.212382286307
4655.212382286307
1891.9028397887555
1891.9028397887555
1891.9028397887555
1891.9028397887555
1891.9028397887555
1348.8832885134068
1348.8832885134068
1628.1440668351777
1628.1440668351777
1628.1440668351777
1628.1440668351777
1628.1440668351777
2625.437935590431
