216.58645195928787
216.58645195928787
216.58645195928787
158.81754487737626
158.81754487737626
158.81754487737626
159.80871164320115
159.80871164320115
159.80871164320115
217.5049760730465
217.5049760730465
217.5049760730465
191.9828444385614
191.9828444385614
191.9828444385614
202.90355194153292
202.90355194153292
202.90355194153292
197.34370146145187
197.34370146145187
197.34370146145187
221.87995514202188
221.87995514202188
221.87995514202188
201.09478363143342
201.09478363143342
201.09478363143342
209.92457838393472
209.92457838393472
209.92457838393472
219.58113289417975
219.58113289417975
219.58113289417975
214.07836194409182
214.07836194409182
214.07836194409182
197.0026565197752
197.0026565197752
197.0026565197752
191.61899704913785
191.61899704913785
3398.6833359669477
3398.6833359669477
3398.6833359669477
3023.664410251268
3023.664410251268
1660.9047035212907
1660.9047035212907
1660.9047035212907
1721.51930480263
1721.51930480263
1721.51930480263
1528.0381715441347
1528.0381715441347
1528.0381715441347
1658.6654413532597
1658.6654413532597
1658.6654413532597
1531.47081722195
1531.47081722195
