4475.777114412689
4475.777114412689
4475.777114412689
4475.777114412689
4218.427237647091
4218.427237647091
4218.427237647091
4218.427237647091
4075.3063165955396
4075.3063165955396
4075.3063165955396
4075.3063165955396
4277.8015062800905
4277.8015062800905
4277.8015062800905
4277.8015062800905
3815.5824043987286
3815.5824043987286
3815.5824043987286
3815.5824043987286
3220.0212043602933
3220.0212043602933
3220.0212043602933
3220.0212043602933
3424.4632467110378
3424.4632467110378
3424.4632467110378
3424.4632467110378
3248.9208844738873
3248.9208844738873
3248.9208844738873
3248.9208844738873
3948.535138921771
3948.535138921771
3948.535138921771
3948.535138921771
3650.7261654334748
3650.7261654334748
3650.7261654334748
3650.7261654334748
3672.1712507853545
3672.1712507853545
3672.1712507853545
3672.1712507853545
3739.4780761240395
3739.4780761240395
3739.4780761240395
3739.4780761240395
4060.826039298427
4060.826039298427
4060.826039298427
4060.826039298427
3928.1237966134977
3928.1237966134977
3928.1237966134977
3928.1237966134977
4033.1772022438968
4033.1772022438968
4033.1772022438968
4033.1772022438968
