1460.3729873593343
1460.3729873593343
1460.3729873593343
1460.3729873593343
1460.3729873593343
889.027634231791
889.027634231791
889.027634231791
889.027634231791
889.027634231791
1328.7765407526297
1328.7765407526297
1328.7765407526297
1328.7765407526297
1328.7765407526297
731.9635809288895
731.9635809288895
731.9635809288895
731.9635809288895
731.9635809288895
809.4657710497545
809.4657710497545
809.4657710497545
809.4657710497545
4930.005383842025
4930.005383842025
4930.005383842025
4930.005383842025
4930.005383842025
3878.689075406685
3878.689075406685
3878.689075406685
3878.689075406685
3878.689075406685
6276.383443077043
6276.383443077043
6276.383443077043
6276.383443077043
6276.383443077043
639.802724610538
639.802724610538
639.802724610538
639.802724610538
639.802724610538
246.57192551212057
246.57192551212057
246.57192551212057
246.57192551212057
246.57192551212057
426.63665633135463
426.63665633135463
426.63665633135463
426.63665633135463
426.63665633135463
647.562227995502
647.562227995502
647.562227995502
647.562227995502
647.562227995502
600.2667452107635
