1276.7320748919744
1276.7320748919744
1276.7320748919744
1276.7320748919744
1045.894230452337
1045.894230452337
1045.894230452337
1045.894230452337
1097.4706060051906
1097.4706060051906
2434.655625910291
2434.655625910291
2434.655625910291
2434.655625910291
2534.7992583934215
2534.7992583934215
2534.7992583934215
2534.7992583934215
2287.7885990734235
2287.7885990734235
2287.7885990734235
2287.7885990734235
2428.2070821036314
2428.2070821036314
2428.2070821036314
2428.2070821036314
2407.2158228008775
2407.2158228008775
2407.2158228008775
2407.2158228008775
2466.2528727846197
2466.2528727846197
2466.2528727846197
2466.2528727846197
2369.3049797209933
2369.3049797209933
2369.3049797209933
2369.3049797209933
2534.6760525591317
2534.6760525591317
2534.6760525591317
2534.6760525591317
2626.0747853941216
2626.0747853941216
2626.0747853941216
2626.0747853941216
2618.4264695335746
2618.4264695335746
2618.4264695335746
2618.4264695335746
2636.5591336974403
2636.5591336974403
2636.5591336974403
2636.5591336974403
2315.6925690098305
2315.6925690098305
2315.6925690098305
2315.6925690098305
2276.272082823974
2276.272082823974
