694.9390841783954
694.9390841783954
694.9390841783954
668.3974046186136
668.3974046186136
3507.9656416682615
3507.9656416682615
3507.9656416682615
3124.976505420252
3124.976505420252
3124.976505420252
3598.594052015692
3598.594052015692
3598.594052015692
3437.5089428887877
3437.5089428887877
3437.5089428887877
3383.9274926759203
3383.9274926759203
3383.9274926759203
3370.681172133423
3370.681172133423
3011.611260166493
3011.611260166493
3011.611260166493
2955.356071181859
2955.356071181859
2955.356071181859
3217.405820278411
3217.405820278411
3217.405820278411
2838.019369986095
2838.019369986095
2838.019369986095
3039.6449230951916
3039.6449230951916
3039.6449230951916
2985.033765906267
2985.033765906267
2985.033765906267
3148.891098972565
3148.891098972565
3148.891098972565
2958.8336302453686
2958.8336302453686
2958.8336302453686
3048.3249777995916
3048.3249777995916
3048.3249777995916
2979.531543055067
2979.531543055067
2979.531543055067
2957.5259696259855
2957.5259696259855
2957.5259696259855
2822.8520419000347
2822.8520419000347
2822.8520419000347
2788.3252666087424
2788.3252666087424
