1627.7486102055282
1627.7486102055282
1627.7486102055282
1627.7486102055282
1194.4087480498083
1194.4087480498083
1194.4087480498083
1194.4087480498083
1211.0308979739757
1211.0308979739757
1211.0308979739757
1211.0308979739757
1040.6341331793305
1040.6341331793305
1040.6341331793305
1040.6341331793305
1230.107602672885
1230.107602672885
1230.107602672885
1230.107602672885
474.05832008234995
474.05832008234995
474.05832008234995
474.05832008234995
1345.9768950718244
1345.9768950718244
1345.9768950718244
1345.9768950718244
1097.063674390898
1097.063674390898
1097.063674390898
1097.063674390898
1103.3774985915677
1103.3774985915677
1103.3774985915677
1103.3774985915677
1025.634032805173
1025.634032805173
1025.634032805173
1025.634032805173
1480.41268866496
1480.41268866496
1480.41268866496
1480.41268866496
1523.5731571263516
1523.5731571263516
1523.5731571263516
1523.5731571263516
924.2925716354605
924.2925716354605
924.2925716354605
924.2925716354605
1158.5612015814688
1158.5612015814688
1158.5612015814688
1158.5612015814688
1232.2057215050834
1232.2057215050834
1232.2057215050834
1232.2057215050834
