3246.9442608700515
3246.9442608700515
3246.9442608700515
3246.9442608700515
3246.9442608700515
4442.3207261887
4442.3207261887
4442.3207261887
4442.3207261887
4442.3207261887
4410.611721356762
4410.611721356762
4410.611721356762
4410.611721356762
4410.611721356762
2518.34741363012
2518.34741363012
2518.34741363012
2518.34741363012
2518.34741363012
2690.8333115619625
2690.8333115619625
2690.8333115619625
2690.8333115619625
2690.8333115619625
5056.420338548713
5056.420338548713
5056.420338548713
5056.420338548713
5056.420338548713
2030.995480061357
2030.995480061357
2030.995480061357
2030.995480061357
2030.995480061357
1167.1012519268002
1167.1012519268002
1167.1012519268002
1167.1012519268002
1167.1012519268002
2008.8236889363852
2008.8236889363852
2008.8236889363852
2008.8236889363852
2008.8236889363852
1646.614450235067
1646.614450235067
1646.614450235067
1646.614450235067
1646.614450235067
2701.433542567725
2701.433542567725
2701.433542567725
2701.433542567725
2701.433542567725
2547.843610624805
2547.843610624805
2547.843610624805
2547.843610624805
2547.843610624805
