1121.3136093171884
1121.3136093171884
1121.3136093171884
1155.6238628860888
1155.6238628860888
1155.6238628860888
958.96126685784
958.96126685784
958.96126685784
1391.8565038348265
1391.8565038348265
1391.8565038348265
1062.2208382016915
1062.2208382016915
1062.2208382016915
1091.1151777638643
1091.1151777638643
1091.1151777638643
1127.892433940925
1127.892433940925
1127.892433940925
1308.2752130322824
1308.2752130322824
1308.2752130322824
942.7717515850117
942.7717515850117
942.7717515850117
1054.6259794147018
1054.6259794147018
1054.6259794147018
1422.2268849171887
1422.2268849171887
1422.2268849171887
1042.1607960149463
1042.1607960149463
1042.1607960149463
1075.9750155291517
1075.9750155291517
1075.9750155291517
1124.647758633203
1124.647758633203
1124.647758633203
1338.4195389837998
1338.4195389837998
1338.4195389837998
685.5849102196826
685.5849102196826
685.5849102196826
723.5314374254614
723.5314374254614
723.5314374254614
651.5421816644133
651.5421816644133
651.5421816644133
713.0708427643451
713.0708427643451
713.0708427643451
625.1551766235061
625.1551766235061
625.1551766235061
