778.6915134761257
778.6915134761257
778.6915134761257
778.6915134761257
404.73746225888345
404.73746225888345
404.73746225888345
404.73746225888345
5523.214087821709
5523.214087821709
5523.214087821709
5523.214087821709
2036.0029023851735
2036.0029023851735
2036.0029023851735
2036.0029023851735
4589.12829965844
4589.12829965844
4589.12829965844
4589.12829965844
3936.6613688512293
3936.6613688512293
3936.6613688512293
3936.6613688512293
3868.0169411831776
3868.0169411831776
3868.0169411831776
3868.0169411831776
5133.896490683359
5133.896490683359
5133.896490683359
5133.896490683359
4667.375611235928
4667.375611235928
4667.375611235928
4667.375611235928
2803.256905602736
2803.256905602736
2803.256905602736
2803.256905602736
1485.3763512052094
1485.3763512052094
1485.3763512052094
1485.3763512052094
0.1
0.1
0.1
0.1
3577.111855308786
3577.111855308786
3577.111855308786
3577.111855308786
4168.204071385688
4168.204071385688
4168.204071385688
4168.204071385688
390.2194416530551
390.2194416530551
390.2194416530551
390.2194416530551
