6947.840859529042
6947.840859529042
6947.840859529042
1889.5232437875788
1889.5232437875788
1889.5232437875788
4423.870238912856
4423.870238912856
4423.870238912856
6674.337716906621
6674.337716906621
6674.337716906621
5538.498910036593
5538.498910036593
5538.498910036593
3167.742175174851
3167.742175174851
3167.742175174851
4265.723386223449
4265.723386223449
4265.723386223449
3356.411142788006
3356.411142788006
3356.411142788006
3894.615595988675
3894.615595988675
3894.615595988675
4231.508762668813
4231.508762668813
4231.508762668813
4274.735443135511
4274.735443135511
4274.735443135511
4147.693083239876
4147.693083239876
4147.693083239876
874.6383659511275
874.6383659511275
874.6383659511275
6487.597593856744
6487.597593856744
6487.597593856744
1793.8840488972473
1793.8840488972473
1793.8840488972473
2020.0334450182818
2020.0334450182818
2020.0334450182818
3996.2154022628088
3996.2154022628088
3996.2154022628088
1955.2858974423198
1955.2858974423198
1955.2858974423198
5471.470644627852
5471.470644627852
5471.470644627852
4783.820978948906
4783.820978948906
4783.820978948906
