139.32465368400904
139.32465368400904
249.60474425914438
249.60474425914438
209.96423625634202
209.96423625634202
117.69546216623023
117.69546216623023
241.43044065768538
241.43044065768538
186.31970035085146
599.8882842946557
599.8882842946557
664.8256221726141
664.8256221726141
568.5818436621269
568.5818436621269
617.4619670425953
617.4619670425953
626.3863997907796
626.3863997907796
806.4795805257609
806.4795805257609
686.6637903251926
686.6637903251926
698.5852546946265
698.5852546946265
424.14258498240434
424.14258498240434
734.5299123488389
734.5299123488389
654.9325413753908
654.9325413753908
709.4017445332138
709.4017445332138
700.5736619576761
700.5736619576761
603.6683171836158
603.6683171836158
597.4190787318282
597.4190787318282
401.5241041421222
401.5241041421222
5413.262234398126
5413.262234398126
5398.157588098055
5398.157588098055
4361.970514741973
4361.970514741973
2929.624998958076
2929.624998958076
2198.051332083906
2198.051332083906
5451.884505270453
5451.884505270453
3762.656848145229
3762.656848145229
5069.396055271964
5069.396055271964
3522.8704231852653
