3276.6458457636973
3276.6458457636973
3276.6458457636973
4633.4170082693245
4633.4170082693245
4633.4170082693245
4233.217058180375
4233.217058180375
4233.217058180375
4049.5313333236254
4049.5313333236254
4049.5313333236254
4150.6576961833525
4150.6576961833525
4150.6576961833525
4259.253384479833
4259.253384479833
4259.253384479833
4730.490599476349
4730.490599476349
4730.490599476349
2987.2582304411085
2987.2582304411085
2987.2582304411085
3647.6988676766696
3647.6988676766696
3647.6988676766696
3819.172619128562
3819.172619128562
3819.172619128562
3158.643394219521
3158.643394219521
3158.643394219521
3734.6457394785075
3734.6457394785075
3734.6457394785075
4059.387888143296
4059.387888143296
4059.387888143296
4101.343937228355
4101.343937228355
4101.343937228355
3861.044055731466
1657.9217841575437
1657.9217841575437
1657.9217841575437
1542.5067765412973
1542.5067765412973
1542.5067765412973
1756.9208738963332
1756.9208738963332
1756.9208738963332
1658.9950372059711
1658.9950372059711
1658.9950372059711
1731.7644760165244
1731.7644760165244
1731.7644760165244
1483.2987318458624
1483.2987318458624
