3783.7771264353496
3783.7771264353496
3783.7771264353496
3783.7771264353496
3783.7771264353496
2778.5011510623203
2778.5011510623203
2778.5011510623203
2778.5011510623203
2778.5011510623203
450.29521930716373
450.29521930716373
450.29521930716373
450.29521930716373
450.29521930716373
4542.644051750092
4542.644051750092
4542.644051750092
4542.644051750092
4542.644051750092
3952.722277776438
3952.722277776438
3952.722277776438
3952.722277776438
3952.722277776438
4295.954069014096
4295.954069014096
4295.954069014096
4295.954069014096
4295.954069014096
6060.171675124156
6060.171675124156
6060.171675124156
6060.171675124156
6060.171675124156
8172.103976767195
8172.103976767195
8172.103976767195
8172.103976767195
8172.103976767195
2477.426290425756
2477.426290425756
2477.426290425756
2477.426290425756
2477.426290425756
7262.73148646494
7262.73148646494
7262.73148646494
7262.73148646494
7262.73148646494
465.9482767860836
465.9482767860836
465.9482767860836
465.9482767860836
465.9482767860836
2614.5399402237563
2614.5399402237563
2614.5399402237563
2614.5399402237563
2614.5399402237563
