247.20789012169
344.1413331773872
344.1413331773872
344.1413331773872
344.1413331773872
554.7164108418672
554.7164108418672
554.7164108418672
554.7164108418672
646.9308166740362
646.9308166740362
646.9308166740362
646.9308166740362
586.9418443298985
586.9418443298985
586.9418443298985
586.9418443298985
734.2795641263519
141.38993289950514
141.38993289950514
141.38993289950514
141.38993289950514
305.6595438888789
305.6595438888789
305.6595438888789
305.6595438888789
257.5360042885063
257.5360042885063
257.5360042885063
257.5360042885063
154.49987234082403
154.49987234082403
154.49987234082403
154.49987234082403
165.16063381778014
165.16063381778014
165.16063381778014
165.16063381778014
195.50016418858482
195.50016418858482
195.50016418858482
195.50016418858482
154.359085751201
154.359085751201
154.359085751201
154.359085751201
203.61247166301945
203.61247166301945
203.61247166301945
3015.9836545774465
3015.9836545774465
3015.9836545774465
3015.9836545774465
3078.8051950025283
3078.8051950025283
3078.8051950025283
1350.4665757429625
1350.4665757429625
1350.4665757429625
1350.4665757429625
