731.3469597965312
731.3469597965312
846.14356712263
846.14356712263
487.0208846377461
487.0208846377461
1762.13938969845
1762.13938969845
1403.6086015366507
1403.6086015366507
1491.0214873249572
1491.0214873249572
1874.7255205350352
1874.7255205350352
1968.6914066067238
1968.6914066067238
1380.2940635427485
1380.2940635427485
1459.090124729246
1459.090124729246
1628.3660600782289
2513.531193059887
2989.3094967048673
2989.3094967048673
3276.139777488248
3276.139777488248
1307.7185583900718
1307.7185583900718
3211.14499911757
3211.14499911757
3944.9171689777495
3944.9171689777495
2934.024793983783
2934.024793983783
3873.9163987355323
3873.9163987355323
3317.1699883717984
3317.1699883717984
2907.5054682932664
2907.5054682932664
2142.788079498969
2142.788079498969
3681.474526905705
3681.474526905705
3721.0080848025013
3721.0080848025013
2338.88159148026
2338.88159148026
2909.8547965339167
2909.8547965339167
2892.1239006977007
2892.1239006977007
2420.16839400377
2420.16839400377
3870.111974501374
3870.111974501374
3772.5699274948693
3772.5699274948693
2949.3541589989118
2949.3541589989118
