2227.3932931284085
2227.3932931284085
2363.368222003337
2363.368222003337
861.4709901120148
861.4709901120148
1937.1063559792453
1937.1063559792453
2756.809148301992
2756.809148301992
2651.1562653507194
2651.1562653507194
2435.6765187706096
2435.6765187706096
1696.8920881253507
1696.8920881253507
2049.87574968818
2049.87574968818
2504.243810323116
2504.243810323116
2739.139417188944
2739.139417188944
2053.817518652022
2053.817518652022
782.2632515612461
782.2632515612461
2383.597159470587
2383.597159470587
2245.166362941372
2245.166362941372
2780.300910590795
2780.300910590795
1988.4855606329002
1988.4855606329002
1774.8595053488402
1774.8595053488402
1447.2529382337011
1447.2529382337011
1544.7122146819142
1544.7122146819142
2553.0538700083234
2553.0538700083234
1983.7824539844976
1983.7824539844976
2412.0953951597844
2412.0953951597844
1468.9248392012473
1468.9248392012473
1554.1616104566217
1554.1616104566217
2021.4662471773593
2021.4662471773593
1587.4395462533193
1587.4395462533193
1893.113235545916
1893.113235545916
1950.7254998863016
1950.7254998863016
2251.203630247346
2251.203630247346
