978.5751042505999
978.5751042505999
760.7452310995925
760.7452310995925
579.6055084331973
579.6055084331973
438.6788213036456
438.6788213036456
324.7483690261299
324.7483690261299
719.7303957244795
719.7303957244795
845.8891134897542
845.8891134897542
835.6546224120613
835.6546224120613
573.0127748187616
573.0127748187616
643.6650643492732
643.6650643492732
771.4075210522783
771.4075210522783
494.6004747728359
494.6004747728359
1000.2892092895456
1000.2892092895456
1164.691689445285
1164.691689445285
839.0239213907755
839.0239213907755
3663.231497850644
3663.231497850644
2906.477684574656
2906.477684574656
3480.482358388048
3480.482358388048
2404.0730686751717
2404.0730686751717
2632.881120274903
2632.881120274903
4840.312128557318
4840.312128557318
2175.849027423348
2175.849027423348
3908.1360937832424
3908.1360937832424
1634.4389831749968
1634.4389831749968
2264.9433628763345
2264.9433628763345
2585.2198479045355
2585.2198479045355
2042.4699236713386
2042.4699236713386
2846.772863242348
2846.772863242348
2481.768936116144
2481.768936116144
652.0215770400923
652.0215770400923
