1577.7264739461616
1577.7264739461616
1577.7264739461616
1577.7264739461616
1577.7264739461616
912.3076799195153
912.3076799195153
912.3076799195153
912.3076799195153
912.3076799195153
3265.0183705363174
3265.0183705363174
3265.0183705363174
3265.0183705363174
3265.0183705363174
1375.9097306065703
1375.9097306065703
1375.9097306065703
1375.9097306065703
1375.9097306065703
3261.3750958771693
3261.3750958771693
3261.3750958771693
3261.3750958771693
3261.3750958771693
504.99088935115515
504.99088935115515
504.99088935115515
504.99088935115515
504.99088935115515
2649.0086594607733
2649.0086594607733
2649.0086594607733
2025.5915484429565
2025.5915484429565
2025.5915484429565
2025.5915484429565
2025.5915484429565
4844.641783522819
4844.641783522819
4844.641783522819
4844.641783522819
4844.641783522819
1277.848225322768
1277.848225322768
1277.848225322768
1277.848225322768
1277.848225322768
4312.656397109795
4312.656397109795
4312.656397109795
4312.656397109795
4312.656397109795
2517.694925256385
2517.694925256385
2517.694925256385
2517.694925256385
2517.694925256385
2861.5811911734245
2861.5811911734245
