4192.535395652986
4192.535395652986
4039.376511371207
4039.376511371207
1966.3753710958285
1966.3753710958285
340.44355748110854
340.44355748110854
1427.9602861505305
1427.9602861505305
1031.8200419626542
1031.8200419626542
1249.53217604274
1249.53217604274
1010.2758066116576
1010.2758066116576
1133.377772035869
1133.377772035869
994.8103556836141
994.8103556836141
1471.2417563226682
1471.2417563226682
611.3181362940574
611.3181362940574
529.7939053597318
529.7939053597318
2106.2842973977445
2106.2842973977445
176.22678206705086
176.22678206705086
1617.0236252807804
1617.0236252807804
1836.3660586147523
1836.3660586147523
1445.3937067965617
1445.3937067965617
2101.02152288509
2101.02152288509
1458.3168116222496
1458.3168116222496
1663.8436652405994
1663.8436652405994
3248.8606163784125
3248.8606163784125
2849.235893572975
1286.0619381366876
1286.0619381366876
897.7968013776197
897.7968013776197
743.8850410783205
743.8850410783205
1487.354322688984
1487.354322688984
2063.842300297935
2063.842300297935
963.6886385144916
963.6886385144916
1065.2255306067657
1065.2255306067657
1166.8296591133712
