1904.0346500356245
1904.0346500356245
1904.0346500356245
1904.0346500356245
1904.0346500356245
1373.7066342671844
1373.7066342671844
1373.7066342671844
1373.7066342671844
1373.7066342671844
1753.1182067209666
1753.1182067209666
1753.1182067209666
1753.1182067209666
1753.1182067209666
3443.6547439948545
3443.6547439948545
3443.6547439948545
3443.6547439948545
3443.6547439948545
1058.7680628248197
1058.7680628248197
1058.7680628248197
1058.7680628248197
1058.7680628248197
2001.1443970539726
2001.1443970539726
2001.1443970539726
2001.1443970539726
2001.1443970539726
1831.9250262657595
1831.9250262657595
1831.9250262657595
1831.9250262657595
1831.9250262657595
2165.654178716315
2165.654178716315
2165.654178716315
2165.654178716315
2165.654178716315
965.6188923331033
965.6188923331033
965.6188923331033
965.6188923331033
965.6188923331033
1964.0844948983308
1964.0844948983308
1964.0844948983308
1964.0844948983308
1964.0844948983308
2346.045627894645
2346.045627894645
2346.045627894645
2346.045627894645
2346.045627894645
2235.5405018275637
2235.5405018275637
2235.5405018275637
2235.5405018275637
2235.5405018275637
