3875.8315199430485
3875.8315199430485
3875.8315199430485
3844.3432011239292
3844.3432011239292
3844.3432011239292
4314.737743820844
4314.737743820844
4314.737743820844
4005.5601982946205
4005.5601982946205
4005.5601982946205
2265.026519982621
2265.026519982621
2265.026519982621
6085.083845249803
6085.083845249803
6085.083845249803
3099.6209934427816
3099.6209934427816
3099.6209934427816
4157.09327747659
4157.09327747659
4157.09327747659
4601.294716121955
4601.294716121955
4601.294716121955
3978.0271378906705
3978.0271378906705
3978.0271378906705
2883.1990817973156
2883.1990817973156
2883.1990817973156
6080.51659276021
6080.51659276021
6080.51659276021
4583.967091021666
4583.967091021666
4583.967091021666
3333.3507559719565
3333.3507559719565
3333.3507559719565
5363.141108344633
5363.141108344633
5363.141108344633
4468.498090898866
4468.498090898866
4468.498090898866
4166.712322015918
4166.712322015918
4166.712322015918
5912.169201955455
5912.169201955455
5912.169201955455
5468.396057135328
5468.396057135328
5468.396057135328
3294.968992747192
3294.968992747192
3294.968992747192
