0.5504119830103491
0.5504119830103491
0.5504119830103491
694.9243600055988
694.9243600055988
694.9243600055988
866.1680525192554
866.1680525192554
866.1680525192554
545.9181180620915
545.9181180620915
545.9181180620915
993.2327748735081
993.2327748735081
993.2327748735081
1296.5786814715252
1296.5786814715252
1296.5786814715252
719.7718072831561
719.7718072831561
719.7718072831561
764.3425985566852
764.3425985566852
764.3425985566852
647.9182062446147
647.9182062446147
647.9182062446147
294.3985188024189
294.3985188024189
294.3985188024189
328.78045372970695
328.78045372970695
328.78045372970695
592.0693147301721
592.0693147301721
592.0693147301721
626.8474761570037
626.8474761570037
626.8474761570037
306.95282956054206
1629.8948154955224
1629.8948154955224
1629.8948154955224
5877.221592169276
5877.221592169276
5877.221592169276
1210.2055867435006
1210.2055867435006
1210.2055867435006
3703.016547008261
3703.016547008261
3703.016547008261
3489.1563442262723
3489.1563442262723
3489.1563442262723
3644.5349667185346
3644.5349667185346
3644.5349667185346
3509.271706500053
3509.271706500053
