4540.068447096791
4540.068447096791
4540.068447096791
5523.782282274834
5523.782282274834
5523.782282274834
4052.0181267030734
4052.0181267030734
4052.0181267030734
3614.9894117381214
3614.9894117381214
3614.9894117381214
2727.214319848422
2727.214319848422
2727.214319848422
3764.3377493024195
3764.3377493024195
3764.3377493024195
3720.965193298855
3720.965193298855
3720.965193298855
4016.5403975371178
4016.5403975371178
4016.5403975371178
3666.5029258931277
3666.5029258931277
3666.5029258931277
4254.329814626628
1278.4450921181121
1278.4450921181121
1278.4450921181121
1185.2849678032567
1185.2849678032567
1185.2849678032567
1365.446054515469
1365.446054515469
1365.446054515469
868.2590910188119
868.2590910188119
868.2590910188119
952.2565550454979
952.2565550454979
952.2565550454979
520.6071306493911
520.6071306493911
520.6071306493911
1226.571927070127
1226.571927070127
1226.571927070127
1722.393783024705
1722.393783024705
2875.2630636449667
2875.2630636449667
2875.2630636449667
2375.407065100405
2375.407065100405
2375.407065100405
4276.7266896860765
4276.7266896860765
4276.7266896860765
