2175.885709581269
2175.885709581269
2175.885709581269
2175.885709581269
4881.973546496902
4881.973546496902
4881.973546496902
4881.973546496902
4741.464118940429
4741.464118940429
4741.464118940429
4741.464118940429
4188.850388046727
4188.850388046727
4188.850388046727
4188.850388046727
5878.263513301202
5878.263513301202
5878.263513301202
5878.263513301202
1887.4944686246245
1887.4944686246245
1887.4944686246245
1887.4944686246245
4759.85254761817
4759.85254761817
4759.85254761817
4759.85254761817
3498.1197505123682
3498.1197505123682
3498.1197505123682
3498.1197505123682
4819.76018256261
4819.76018256261
4819.76018256261
4819.76018256261
6720.725164560203
6720.725164560203
6720.725164560203
6720.725164560203
4400.745943575971
4400.745943575971
4400.745943575971
4400.745943575971
4152.114266178753
4152.114266178753
3534.3131577699023
3534.3131577699023
3534.3131577699023
3534.3131577699023
1759.8483381497244
1759.8483381497244
1759.8483381497244
1759.8483381497244
2631.7210351713256
2631.7210351713256
2631.7210351713256
2631.7210351713256
2005.5076833670053
2005.5076833670053
