15.65761874374914
15.65761874374914
456.1962907956389
456.1962907956389
252.74009272133617
252.74009272133617
370.7010110777001
370.7010110777001
757.4667345122297
757.4667345122297
929.7310436236955
929.7310436236955
1142.116962818961
1142.116962818961
428.67632799341254
428.67632799341254
720.4279394183312
720.4279394183312
509.7708313791928
509.7708313791928
551.7641998336868
551.7641998336868
648.9096776631769
648.9096776631769
725.1660075828195
725.1660075828195
878.4302492920278
878.4302492920278
1022.6051462528894
1022.6051462528894
612.160360396873
612.160360396873
597.4822891517014
597.4822891517014
552.680051362102
552.680051362102
658.2424343013975
658.2424343013975
781.3151107971653
781.3151107971653
934.1557520021104
934.1557520021104
1038.6175439762542
1038.6175439762542
388.63213572228256
388.63213572228256
343.4393626110979
343.4393626110979
880.5582445765865
880.5582445765865
233.57414916136128
233.57414916136128
772.237615848806
772.237615848806
479.5095073544568
479.5095073544568
915.5032891591179
915.5032891591179
543.145346045565
543.145346045565
