3999.359465854912
3999.359465854912
3999.359465854912
4432.909131260186
4432.909131260186
4432.909131260186
3993.9800716271343
3993.9800716271343
3993.9800716271343
3559.760491933017
3559.760491933017
3559.760491933017
3651.590999958526
3651.590999958526
3651.590999958526
3629.75277720715
3629.75277720715
3629.75277720715
3574.8637106410993
3574.8637106410993
3574.8637106410993
3076.1394253117533
3076.1394253117533
3076.1394253117533
3437.2289206287132
3437.2289206287132
3437.2289206287132
3060.690558231882
3060.690558231882
3060.690558231882
2937.52187638417
2937.52187638417
2937.52187638417
3280.6025241865095
3280.6025241865095
3280.6025241865095
3384.9672648222645
3384.9672648222645
3384.9672648222645
2693.4776950935834
2693.4776950935834
2693.4776950935834
4598.620400797038
4598.620400797038
4598.620400797038
4757.531075617921
4757.531075617921
4757.531075617921
2535.730800985901
2535.730800985901
2535.730800985901
2054.232091368303
2054.232091368303
2054.232091368303
4198.9295700079565
4198.9295700079565
4198.9295700079565
2868.1496221098505
2868.1496221098505
2868.1496221098505
