3036.281294001713
2844.63260184648
2844.63260184648
3360.9103355725465
3360.9103355725465
4971.414923094718
4971.414923094718
3682.3507314726617
3682.3507314726617
2645.056706022443
2645.056706022443
2960.7392381306818
2960.7392381306818
3498.5198428534604
3498.5198428534604
4220.913602200608
4220.913602200608
3813.480501272664
3813.480501272664
4598.184368062499
4598.184368062499
3156.064027299475
3156.064027299475
4407.376034839566
4407.376034839566
3565.2751679617318
3565.2751679617318
3367.9855848517072
3367.9855848517072
3827.409934171338
3827.409934171338
3702.4093300693194
3702.4093300693194
4480.981016334518
4480.981016334518
3658.6051205011972
3658.6051205011972
4173.454596596727
4173.454596596727
2479.022923475849
2479.022923475849
3630.4019595874843
3630.4019595874843
2646.7630086244626
2646.7630086244626
5011.765543828747
5011.765543828747
4698.236389801292
4698.236389801292
3261.7012102100616
2568.992228115768
2568.992228115768
2053.8996099851533
2053.8996099851533
1933.468289435472
1933.468289435472
1758.5972438211534
1758.5972438211534
2214.0580719219765
2214.0580719219765
