3899.605157260892
3899.605157260892
3899.605157260892
4606.450595489477
4606.450595489477
4606.450595489477
2054.5072499317
2054.5072499317
543.4166625824774
543.4166625824774
543.4166625824774
636.2300285116959
636.2300285116959
636.2300285116959
689.4914112416776
689.4914112416776
689.4914112416776
739.3472632718588
739.3472632718588
739.3472632718588
661.5507997661141
661.5507997661141
661.5507997661141
541.5339786688572
541.5339786688572
541.5339786688572
649.8021082741848
649.8021082741848
649.8021082741848
684.8515999605428
2194.820941188058
2194.820941188058
2194.820941188058
1528.616192297009
1528.616192297009
1528.616192297009
608.9225838796051
608.9225838796051
608.9225838796051
683.541045986827
683.541045986827
683.541045986827
493.1411630153234
493.1411630153234
493.1411630153234
817.4982232631278
817.4982232631278
817.4982232631278
721.7095392989928
721.7095392989928
721.7095392989928
703.4657144622365
703.4657144622365
703.4657144622365
636.6477746212336
636.6477746212336
636.6477746212336
520.0886893959353
520.0886893959353
520.0886893959353
