3365.2547215757695
3365.2547215757695
3365.2547215757695
3365.2547215757695
3227.2637025739973
3227.2637025739973
3227.2637025739973
3227.2637025739973
3381.960827066216
3381.960827066216
1731.3907746631671
1731.3907746631671
1731.3907746631671
1731.3907746631671
1377.4057207165395
1377.4057207165395
1377.4057207165395
1377.4057207165395
1542.7936336332587
1542.7936336332587
1542.7936336332587
1542.7936336332587
1671.7487641417647
1671.7487641417647
1671.7487641417647
1671.7487641417647
1658.7035767514549
1658.7035767514549
1658.7035767514549
1658.7035767514549
1837.9168520581907
1837.9168520581907
1837.9168520581907
1837.9168520581907
1410.7972612686747
1410.7972612686747
1410.7972612686747
1410.7972612686747
1646.5533513178148
1646.5533513178148
1646.5533513178148
1646.5533513178148
1521.4740259838657
1521.4740259838657
1521.4740259838657
1521.4740259838657
1562.0802144793793
1562.0802144793793
1562.0802144793793
1562.0802144793793
1709.5703681847374
1709.5703681847374
1709.5703681847374
1709.5703681847374
1482.7795829292152
1482.7795829292152
1482.7795829292152
1482.7795829292152
1492.9138244608735
1492.9138244608735
