2100.47551254672
2100.47551254672
2100.47551254672
2100.47551254672
1492.4323913775856
1492.4323913775856
1492.4323913775856
1492.4323913775856
1946.8654047059167
1946.8654047059167
1946.8654047059167
1946.8654047059167
1755.0069061453894
1755.0069061453894
4609.369682770629
4609.369682770629
4609.369682770629
4609.369682770629
5649.318287527386
5649.318287527386
5649.318287527386
5649.318287527386
6821.046936736112
6821.046936736112
6821.046936736112
6821.046936736112
4870.719274910685
4870.719274910685
4870.719274910685
4870.719274910685
1691.7937529314677
1691.7937529314677
1691.7937529314677
1691.7937529314677
4576.569282939457
4576.569282939457
4576.569282939457
4576.569282939457
4424.173958855751
4424.173958855751
4424.173958855751
4424.173958855751
5757.637922075581
5757.637922075581
5757.637922075581
5757.637922075581
4563.91029217281
4563.91029217281
4563.91029217281
4563.91029217281
6158.8715423218055
6158.8715423218055
6158.8715423218055
6158.8715423218055
3680.7715273874155
3680.7715273874155
3680.7715273874155
3680.7715273874155
2187.7296778361756
2187.7296778361756
