1070.8499238586526
1070.8499238586526
1070.8499238586526
1155.5072221322537
1155.5072221322537
1155.5072221322537
1241.8014018680512
1241.8014018680512
1241.8014018680512
1101.9350079445762
2613.758455370644
2613.758455370644
2613.758455370644
2235.1568021564785
2235.1568021564785
2235.1568021564785
2584.186058927879
2584.186058927879
2584.186058927879
2385.17098496972
2385.17098496972
2385.17098496972
2418.732455934538
2418.732455934538
2418.732455934538
2593.540919493632
2593.540919493632
2593.540919493632
2347.951845094189
2347.951845094189
2347.951845094189
2558.0128885304075
2558.0128885304075
2558.0128885304075
2628.052504273168
2628.052504273168
2628.052504273168
2261.99605333863
2261.99605333863
2261.99605333863
2748.5754851462025
2748.5754851462025
2748.5754851462025
2363.1928938024944
2363.1928938024944
2363.1928938024944
2464.336010881729
2464.336010881729
2464.336010881729
2331.813029507036
2331.813029507036
2331.813029507036
2438.117685349368
2438.117685349368
2438.117685349368
2588.2133811135914
2588.2133811135914
2588.2133811135914
2578.794318312504
2578.794318312504
