640.5378156705879
640.5378156705879
640.5378156705879
640.5378156705879
640.5378156705879
548.7265804346544
548.7265804346544
548.7265804346544
548.7265804346544
548.7265804346544
629.2963581510808
629.2963581510808
629.2963581510808
629.2963581510808
629.2963581510808
766.717446664252
766.717446664252
766.717446664252
766.717446664252
766.717446664252
727.3788007279428
727.3788007279428
727.3788007279428
727.3788007279428
727.3788007279428
542.6893674034957
542.6893674034957
542.6893674034957
542.6893674034957
542.6893674034957
642.0184366598174
642.0184366598174
642.0184366598174
642.0184366598174
642.0184366598174
997.0208808254746
997.0208808254746
997.0208808254746
997.0208808254746
997.0208808254746
799.858741824084
799.858741824084
799.858741824084
799.858741824084
799.858741824084
719.7128046204725
719.7128046204725
719.7128046204725
3589.0759117127755
3589.0759117127755
3589.0759117127755
3589.0759117127755
3589.0759117127755
3865.31411804262
3865.31411804262
3865.31411804262
3865.31411804262
3865.31411804262
2498.4627669099373
762.118639944749
