187.26578565936916
187.26578565936916
187.26578565936916
187.26578565936916
223.60425510417772
223.60425510417772
223.60425510417772
223.60425510417772
180.5686612005865
180.5686612005865
180.5686612005865
180.5686612005865
197.06923563187692
197.06923563187692
197.06923563187692
197.06923563187692
188.997033981869
188.997033981869
188.997033981869
188.997033981869
212.12327517895523
212.12327517895523
212.12327517895523
212.12327517895523
176.41877636336432
176.41877636336432
176.41877636336432
176.41877636336432
181.51210028546492
181.51210028546492
181.51210028546492
181.51210028546492
205.54310490653006
205.54310490653006
205.54310490653006
205.54310490653006
197.75250271467277
197.75250271467277
197.75250271467277
197.75250271467277
197.35216208118536
197.35216208118536
197.35216208118536
197.35216208118536
184.0663628657008
184.0663628657008
184.0663628657008
184.0663628657008
208.8131206451176
208.8131206451176
208.8131206451176
208.8131206451176
187.56796814269254
187.56796814269254
187.56796814269254
187.56796814269254
184.28766633375454
184.28766633375454
184.28766633375454
184.28766633375454
