4209.273924378103
4209.273924378103
4209.273924378103
4209.273924378103
4209.273924378103
2352.1711646259855
2352.1711646259855
2352.1711646259855
2352.1711646259855
2352.1711646259855
3429.5121392967853
2457.3983326608927
2457.3983326608927
2457.3983326608927
2457.3983326608927
2457.3983326608927
1729.9603964781663
1729.9603964781663
1729.9603964781663
1729.9603964781663
1729.9603964781663
1784.4302210701526
1784.4302210701526
1784.4302210701526
1784.4302210701526
1784.4302210701526
1992.812794567925
1992.812794567925
1992.812794567925
1992.812794567925
1992.812794567925
2011.4442170221791
2011.4442170221791
2011.4442170221791
2011.4442170221791
2011.4442170221791
1924.675958654865
1924.675958654865
1924.675958654865
1924.675958654865
1924.675958654865
1770.0048017515142
1770.0048017515142
1770.0048017515142
1770.0048017515142
1770.0048017515142
2505.066559008204
2505.066559008204
2505.066559008204
2505.066559008204
2505.066559008204
1464.2618307755909
1464.2618307755909
1464.2618307755909
149.75749888483426
149.75749888483426
149.75749888483426
149.75749888483426
149.75749888483426
192.41045774934415
